"P07384" "Q15078" "P18031" "Q92851" "P10144" "O00220" "P50591" "O14763" "Q13158" "Q9UBN6" "P42574" "O14920" "P48023" "Q9Y6K9" "O15111" "Q14790" "P19438" "P08138" "Q00653" "A8K6K3" "P25963" "O43353" "Q01201" "P19838" "P21580" "Q12933" "Q8IUC6" "Q13546" "P41279" "Q04759" "Q9Y243" "P31749" "O95999" "O00221" "P17252" "P41743" "O15455" "P35568" "Q02156" "Q15653" "Q9Y4K3" "Q9UDY8" "Q92985" "O43524" "Q15628" "Q99558" "Q99759" "O43318" "P01138" "P21333" "P51617" "O14654" "Q9Y4H2" "Q05513" "Q13501" "P31751" "Q9BXL7" "Q13233" "Q04206" "Q6NSJ8" "Q9NPH3" "Q13490" "P14778" "Q13489" "Q00610" "O95429" "Q06187" "O14798" "P42575" "P55957" "P78560" "P15311" "P17405" "Q99683" "P42224" "Q13077" "Q99836" "O14733" "P49815" "O43187" "Q9Y616" "Q92574" "Q9NWZ3" "Q15654" "P62714" "P01583" "P01584" "Q9HAT8" "Q9H0E2" "Q8N2H9" "P30153" "Q9Y2T4" "Q00005" "Q96FA3" "P63151" "Q66LE6" "Q86XR7" "P67775" "P13861" "Q05469" "P31323" "P46940" "Q13370" "Q92934" "P24588" "P10644" "Q14432" "P31321" "P22612" "Q9BYV8" "Q96RT7" "Q9BSJ2" "Q66GS9" "O75935" "Q9NVX0" "Q9UGJ1" "Q96CW5" "Q8TAP6" "Q7Z460" "P62258" "Q8TCU4" "Q9P209" "Q8NHQ1" "O00444" "Q9Y2I6" "Q9UPV0" "Q96RT8" "P53350" "P06493" "P61981" "O15078" "O43805" "Q8TEP8" "Q86XR8" "P48730" "Q96MT8" "O75665" "Q9NXR1" "Q14008" "Q9BV73" "Q14204" "O95613" "P49674" "Q86SQ7" "O95684" "P51955" "P41208" "Q15691" "Q5JTW2" "Q9HC77" "P43034" "O94986" "Q9UPN4" "Q8NHV4" "Q13561"
"P07384" 1 0.8 0.9 0 0 0 0 0 0 0 0 0 0 0 0 0 0 0 0 0 0 0 0 0 0 0 0 0 0 0 0 0 0 0 0 0 0 0 0 0 0 0 0 0 0 0 0 0 0 0 0 0 0 0 0 0 0 0 0 0 0 0 0 0 0 0 0 0 0 0 0 0 0 0 0 0 0 0 0 0 0 0 0 0 0 0 0 0 0 0 0 0 0 0 0 0 0 0 0 0 0 0 0 0 0 0 0 0 0 0 0 0 0 0 0 0 0 0 0 0 0 0 0 0 0 0 0 0 0 0 0 0 0 0 0 0 0 0 0 0 0 0 0 0 0 0 0 0 0 0 0 0 0 0 0
"Q15078" 0.8 1 0 0 0 0 0 0 0 0 0 0 0 0 0 0 0 0 0 0 0 0 0 0 0 0 0 0 0 0 0 0 0 0 0 0 0 0 0 0 0 0 0 0 0 0 0 0 0 0 0 0 0 0 0 0 0 0 0 0 0 0 0 0 0 0 0 0 0 0 0 0 0 0 0 0 0 0 0 0 0 0 0 0 0 0 0 0 0 0 0 0 0 0 0 0 0 0 0 0 0 0 0 0 0 0 0 0 0 0 0 0 0 0 0 0 0 0 0 0 0 0 0 0 0 0 0 0 0 0 0 0 0 0 0 0 0 0 0 0 0 0 0 0 0 0 0 0 0 0 0 0.1418 0 0 0
"P18031" 0.9 0 1 0 0 0 0 0 0 0 0 0 0 0 0 0 0 0 0 0 0 0 0 0 0 0 0 0 0 0 0 0.9 0 0 0 0 0 0.9 0 0 0 0 0 0 0 0 0 0 0 0 0 0.8 0.8 0 0 0 0 0 0 0 0 0 0 0 0 0 0 0 0 0 0 0 0 0 0 0 0 0 0 0 0 0 0 0 0 0 0 0 0 0 0 0 0 0 0 0 0 0 0 0.05 0.05 0 0 0 0 0.05 0 0.05 0 0 0 0 0 0 0 0 0 0 0 0 0 0 0 0 0 0 0 0 0 0 0 0 0 0 0 0 0 0 0 0 0 0 0 0 0 0 0 0 0 0 0 0 0 0 0
"Q92851" 0 0 0 1 0.9 0.9 0.9 0.9 0.9 0.9 0.9 0.8 0.9 0.8 0.8 0 0 0 0 0 0 0 0 0 0 0 0 0 0 0 0 0 0 0 0 0 0 0 0 0 0 0 0 0 0 0 0 0 0 0 0 0 0 0 0 0 0 0 0 0 0 0 0 0 0 0.04 0 0 0 0 0 0 0 0 0 0 0 0 0 0 0 0 0 0 0 0 0 0 0 0 0 0 0.0794 0 0 0 0 0 0 0 0 0 0 0 0 0 0 0 0 0 0 0 0 0 0 0 0 0 0 0 0 0 0 0 0 0 0 0 0 0 0 0 0 0 0 0 0 0 0 0 0 0 0 0 0 0 0 0 0 0 0 0 0 0 0
"P10144" 0 0 0 0.9 1 0 0 0 0 0 0.9 0 0.0868 0 0 0 0 0 0 0 0 0 0 0 0 0 0 0 0 0 0 0 0 0 0 0 0 0 0 0 0 0 0 0 0 0 0 0 0 0 0 0 0 0 0 0 0 0 0 0 0 0 0 0 0 0 0 0 0 0.9 0 0 0 0 0 0 0 0 0 0 0 0 0 0 0 0 0 0 0 0 0 0 0 0 0 0 0 0 0 0 0 0 0 0 0 0 0 0 0 0 0 0 0 0 0 0 0 0 0 0 0 0 0 0 0 0 0 0 0 0 0 0 0 0 0 0 0 0 0 0 0 0 0 0 0 0 0 0 0 0 0 0 0 0 0
"O00220" 0 0 0 0.9 0 1 0.9 0.2492 0.9 0.2816 0 0.9 0 0.9 0.9 0 0 0 0 0 0 0 0 0 0 0 0 0.9 0 0 0 0 0 0 0 0 0 0 0 0 0 0 0 0 0.9 0 0 0 0 0 0 0 0 0 0 0 0 0.9 0 0 0 0 0 0.0492 0 0 0 0.2276 0 0 0 0.056 0 0 0 0 0 0 0 0 0 0 0 0 0 0 0 0 0 0 0 0 0 0 0.0464 0 0 0 0 0 0 0 0 0 0 0 0 0 0 0 0 0 0 0 0 0 0 0 0 0 0 0 0 0 0 0 0 0 0 0 0 0 0 0 0 0 0 0 0 0 0 0 0 0 0 0 0 0 0 0 0 0 0 0 0
"P50591" 0 0 0 0.9 0 0.9 1 0.9 0.9 0.9 0 0.9 0.1622 0.9 0.9 0 0 0 0 0 0 0 0 0 0 0 0 0.9 0 0 0 0 0 0 0 0 0.0606 0 0 0 0 0 0 0 0.9 0 0 0 0 0 0 0 0 0 0 0 0 0.9 0 0 0 0 0 0 0 0 0 0.9 0 0 0 0 0.9 0.05 0 0 0 0 0 0 0 0 0 0 0 0 0 0 0 0 0 0 0 0 0 0 0 0 0 0 0 0 0 0 0 0 0 0 0 0 0 0 0 0 0 0 0 0 0 0 0 0 0 0 0 0 0 0 0 0 0 0 0 0 0 0 0 0 0 0 0 0 0 0 0 0 0 0 0 0 0 0 0 0 0
"O14763" 0 0 0 0.9 0 0.2492 0.9 1 0.9 0.259 0 0.9 0 0.9 0.9 0 0 0 0.0612 0 0 0 0 0 0 0 0 0.9 0 0 0 0 0 0 0 0 0 0 0 0 0 0 0 0 0.9 0 0 0 0 0 0 0 0 0 0 0 0 0.9 0.0604 0 0 0 0 0 0 0 0 0.1768 0 0 0 0 0.9 0 0 0 0 0 0 0.0522 0 0 0 0 0 0 0 0 0 0 0 0 0 0 0 0 0 0 0 0 0 0 0 0 0 0 0 0 0 0 0 0 0 0 0 0 0 0 0 0 0 0 0 0 0 0 0 0 0 0 0 0 0 0 0 0 0 0 0 0 0 0 0 0 0 0 0 0 0 0 0 0 0 0 0
"Q13158" 0 0 0 0.9 0 0.9 0.9 0.9 1 0.8 0.9 0.9 0.9 0.9 0.9 0 0.9 0 0 0 0 0 0 0 0 0 0 0.9 0 0 0 0 0 0 0 0 0 0 0 0 0 0 0 0 0.9 0.899 0 0 0 0 0 0 0 0 0 0 0 0.9 0 0 0.8 0.9 0.8 0.9 0.9 0.9 0.9 0.8 0.9 0.9 0.9 0.9 0.9 0.9 0.9 0.9 0.8 0.9 0 0 0 0 0 0 0 0 0 0 0 0 0 0 0 0 0 0 0 0 0 0 0 0 0 0 0 0 0 0 0 0 0 0 0 0 0 0 0 0 0 0 0 0 0 0 0 0 0 0 0 0 0 0 0 0 0 0 0 0 0 0 0 0 0 0 0 0 0 0 0 0 0 0 0 0 0
"Q9UBN6" 0 0 0 0.9 0 0.2816 0.9 0.259 0.8 1 0 0 0 0.1566 0 0 0 0.164 0 0 0 0.1824 0 0 0 0.1776 0 0 0 0 0 0 0 0 0 0 0.178 0 0.174 0 0 0.156 0 0 0.174 0 0 0 0 0 0 0.1574 0.146 0 0 0 0 0 0 0 0 0 0 0 0 0 0 0.2342 0 0 0 0 0 0 0 0 0 0 0 0 0 0 0 0 0.0468 0 0 0 0 0 0 0 0 0 0 0 0 0 0 0 0 0 0 0 0 0 0 0 0 0 0 0 0 0 0 0 0 0 0 0 0 0 0 0 0 0 0 0 0 0 0 0 0 0 0 0 0 0 0 0 0 0 0 0 0 0 0 0 0 0 0 0 0 0 0
"P42574" 0 0 0 0.9 0.9 0 0 0 0.9 0 1 0 0 0 0 0 0.8 0.9 0 0 0 0 0 0 0 0 0 0 0 0.9 0 0 0 0 0 0 0 0 0 0 0 0 0 0 0 0 0 0 0.9 0 0 0 0 0 0 0 0 0.9 0 0 0 0.9 0.8 0.9 0 0 0 0 0.9 0 0 0 0 0 0 0 0 0 0 0 0 0 0 0 0 0 0 0 0 0 0 0 0 0 0 0 0 0 0 0 0 0 0 0.9 0 0 0 0 0 0 0 0 0 0 0 0 0 0 0 0 0 0 0 0 0 0 0 0 0 0 0 0 0 0 0 0 0 0 0 0 0 0 0 0 0 0 0 0 0 0 0 0 0 0 0
"O14920" 0 0 0 0.8 0 0.9 0.9 0.9 0.9 0 0 1 0.9 0.9 0.8928 0 0.9 0.9 0.9 0.9 0.9 0.8678 0.8 0.9 0.9 0.8 0.9 0.9 0.8 0.9 0.8 0.9 0.9 0.8 0.9 0.9 0.9 0.8 0.9 0.9 0.9 0.9 0 0.9 0.9 0.8 0.9 0.9 0.9 0.9 0.8666 0.8 0.8 0.9 0.899 0.8 0.9 0.8 0.9 0 0 0 0 0 0 0 0 0 0 0 0 0 0 0 0 0 0 0 0.9 0.8124 0.8 0.9 0.8 0 0 0 0 0 0 0 0 0 0 0 0 0 0 0 0 0 0 0 0 0 0 0 0 0 0 0 0 0 0 0 0 0 0 0 0 0 0 0 0 0 0 0 0 0 0 0 0 0 0 0 0 0 0 0.0674 0 0 0 0 0 0 0 0 0 0 0 0 0 0 0 0 0
"P48023" 0 0 0 0.9 0.0868 0 0.1622 0 0.9 0 0 0.9 1 0.9 0.9 0 0 0 0 0 0 0 0 0 0 0 0 0.9 0 0.9 0 0 0 0 0 0 0 0 0.9 0 0 0 0 0.9 0 0 0 0 0 0 0 0 0 0 0 0 0 0 0 0 0 0.9 0 0.9 0.9 0 0.9 0 0 0.9 0 0.9 0.9 0.9 0 0 0 0.9 0 0 0 0 0 0 0 0 0 0 0 0 0 0 0 0 0 0 0 0 0 0 0 0 0 0 0 0 0 0 0 0 0 0 0 0 0 0 0 0 0 0 0 0 0 0 0 0 0 0 0 0 0 0 0 0 0 0 0 0 0 0 0 0 0 0 0 0 0 0 0 0 0 0 0 0 0
"Q9Y6K9" 0 0 0 0.8 0 0.9 0.9 0.9 0.9 0.1566 0 0.9 0.9 1 0.9 0 0.9 0.9 0.9 0.9 0.9 0.9 0.8 0.9 0.9 0.8 0.9 0.9 0.8 0.9 0.8 0.9 0.9 0.8 0.9 0.9 0.9 0.8 0.9 0.9 0.9 0.9 0.8 0 0.9 0.8 0.9 0.9 0.9 0.9 0.9 0.8 0.8 0.9 0.9 0.8 0.9 0.8 0.9 0 0 0.9 0 0 0 0 0 0.1548 0 0 0 0 0 0 0 0 0 0 0 0 0 0 0 0 0 0 0 0 0 0 0 0 0 0 0 0 0.1728 0 0 0 0 0 0 0 0 0 0 0 0 0 0 0 0 0 0 0 0 0 0 0 0 0 0 0 0 0 0 0 0 0 0 0 0 0 0 0 0 0 0 0 0 0 0 0 0 0 0 0 0 0 0 0 0 0 0
"O15111" 0 0 0 0.8 0 0.9 0.9 0.9 0.9 0 0 0.8928 0.9 0.9 1 0 0.9 0.9 0.9 0.9 0.9 0.9 0.9 0.9 0.9 0.8 0.9 0.9 0.8 0.9 0.8 0.9 0.9 0.8 0.9 0.9 0.9 0.8 0.9 0.9 0.9 0.9 0.8 0.9 0.9 0.9 0.9 0.9 0.9 0.899 0.87 0.8 0.8 0.9 0.899 0.8 0.9 0.8 0.9 0 0 0 0 0 0 0 0 0 0 0 0 0 0 0 0 0 0 0 0 0.1742 0 0 0 0 0 0 0 0 0 0 0 0 0 0 0 0 0 0 0 0 0 0 0 0 0 0 0 0 0 0 0 0 0 0 0 0 0 0 0 0 0 0 0 0 0 0 0 0 0 0 0 0 0 0 0 0 0 0 0 0 0 0 0 0 0 0 0 0 0 0 0 0 0 0 0
"Q14790" 0 0 0 0 0 0 0 0 0 0 0 0 0 0 0 1 0 0 0 0 0 0 0 0 0 0 0 0.0668 0 0 0 0 0 0 0 0 0 0 0 0 0 0 0 0 0 0 0 0.066 0 0 0 0 0 0 0 0 0 0 0 0 0 0 0 0 0 0 0 0 0 0 0 0 0 0 0 0 0 0 0 0 0 0 0 0 0 0 0 0 0 0 0 0 0 0 0 0 0 0 0 0 0 0 0 0 0 0 0 0 0 0 0 0 0 0 0 0 0 0 0 0 0 0 0 0 0 0 0 0 0 0 0 0 0 0 0 0 0 0 0 0 0 0 0 0 0 0 0 0 0 0 0 0 0 0 0
"P19438" 0 0 0 0 0 0 0 0 0.9 0 0.8 0.9 0 0.9 0.9 0 1 0 0 0.9 0.9 0 0 0.9 0.9 0.8 0 0.9 0 0 0 0 0 0 0 0.9 0 0 0 0 0.8 0 0 0 0.9 0.9 0.9 0.9 0 0 0 0 0 0.9 0.9 0 0 0 0.9 0 0 0.9 0 0.9 0 0.9 0 0 0.9 0.9 0.9 0 0.9 0.9 0.9 0.9 0 0.9 0 0 0 0 0 0 0 0 0 0 0 0 0 0 0 0 0 0 0 0 0 0 0 0 0 0 0 0 0 0 0 0 0 0 0 0 0 0 0 0 0 0 0 0 0 0 0 0 0 0 0 0 0 0 0 0 0 0 0 0 0 0 0 0 0 0 0 0 0 0 0 0 0 0 0 0 0
"P08138" 0 0 0 0 0 0 0 0 0 0.164 0.9 0.9 0 0.9 0.9 0 0 1 0 0 0.9 0.9 0 0.9 0 0 0 0 0 0 0 0 0 0 0 0.9 0 0 0 0 0.9 0 0 0 0 0 0 0 0.9 0 0.9 0 0 0.9 0.899 0 0 0 0.9 0 0 0 0 0 0 0 0 0.1496 0 0 0 0 0 0 0 0 0.9 0 0 0.8 0.8 0 0.8 0 0 0 0 0 0 0 0 0 0 0 0 0 0 0 0 0 0 0 0 0 0 0 0 0 0 0 0 0 0 0 0 0 0 0 0 0.899 0 0 0 0 0 0 0 0 0 0 0 0 0 0 0 0 0 0 0 0 0 0 0 0 0 0 0 0 0 0 0 0 0 0 0
"Q00653" 0 0 0 0 0 0 0 0.0612 0 0 0 0.9 0 0.9 0.9 0 0 0 1 0 0.8066 0 0.9 0.8072 0.0944 0.068 0.0776 0 0 0 0 0 0 0.0868 0 0 0 0 0 0.802 0 0 0 0 0 0.9 0 0 0 0 0 0 0 0 0.0712 0 0 0 0.8046 0 0 0 0 0.0736 0 0 0 0 0 0 0 0 0 0 0 0.0788 0 0 0 0.0598 0 0 0 0 0 0 0.9 0 0 0 0 0 0 0 0 0 0 0 0 0 0 0 0 0 0 0 0 0 0 0.07 0 0 0 0 0 0 0 0 0 0 0 0 0 0 0 0 0 0 0 0 0 0 0 0 0 0 0 0 0 0 0 0 0 0 0 0 0 0 0 0 0 0 0 0 0
"A8K6K3" 0 0 0 0 0 0 0 0 0 0 0 0.9 0 0.9 0.9 0 0.9 0 0 1 0.8 0.8 0 0 0 0 0.899 0.9 0 0 0 0 0 0 0.0828 0 0.9 0 0 0.8 0.9 0 0 0 0.9 0 0.9 0.9 0 0 0.9 0 0 0 0.102 0 0 0 0 0 0 0 0.8 0 0 0 0 0 0 0 0 0 0 0 0 0 0 0 0 0 0 0 0 0 0 0 0 0 0 0 0 0 0 0 0 0 0 0 0 0 0 0 0 0 0 0 0 0 0 0 0 0 0 0 0 0 0 0 0 0 0 0 0 0 0 0 0 0 0 0 0 0 0 0 0 0 0 0 0 0.0756 0 0 0 0 0 0 0 0 0 0 0 0 0 0 0
"P25963" 0 0 0 0 0 0 0 0 0 0 0 0.9 0 0.9 0.9 0 0.9 0.9 0.8066 0.8 1 0.0678 0 0.7924 0.1204 0 0.0644 0 0.0722 0 0.8 0.8 0 0.0946 0.9 0 0 0 0 0.9 0.9 0 0 0 0 0 0 0.8 0.9 0 0 0 0 0.9 0.7914 0.8 0 0 0.9 0 0 0 0 0.7936 0 0 0 0 0 0 0 0 0 0 0 0.9 0 0 0 0.0582 0 0 0 0 0 0 0.0674 0 0 0 0 0 0 0 0 0 0 0 0 0 0 0 0 0 0 0 0 0 0 0 0 0 0 0 0 0 0 0 0 0 0 0 0 0 0 0 0 0 0 0 0 0 0 0 0 0 0 0 0 0 0 0 0 0 0 0 0 0 0 0 0 0 0 0 0
"O43353" 0 0 0 0 0 0 0 0 0 0.1824 0 0.8678 0 0.9 0.9 0 0 0.9 0 0.8 0.0678 1 0 0.0628 0.7956 0 0.0598 0 0 0 0 0 0.9 0.083 0 0.899 0 0 0 0 0.9 0 0 0 0 0 0 0.8 0.9 0 0.9 0 0 0.899 0.899 0 0.9 0 0 0 0 0.8 0 0.8 0 0 0 0.1812 0 0 0 0 0 0 0 0 0.9 0 0 0.2396 0 0 0 0.69 0 0 0.0626 0 0 0 0 0 0 0 0 0 0.1856 0 0 0 0 0 0 0 0 0 0 0 0 0 0 0 0 0 0 0 0 0 0 0 0 0 0 0 0 0 0 0 0 0 0 0 0 0 0 0 0 0 0 0 0 0 0 0 0 0 0 0 0 0 0 0 0 0 0
"Q01201" 0 0 0 0 0 0 0 0 0 0 0 0.8 0 0.8 0.9 0 0 0 0.9 0 0 0 1 0.9 0 0 0 0 0 0 0 0 0 0 0 0 0 0 0 0 0 0 0 0 0 0.9 0 0 0 0 0 0 0 0 0.04 0 0 0 0 0 0 0 0 0 0 0 0 0 0 0 0 0 0 0 0 0 0 0 0 0 0 0 0 0 0 0 0 0 0 0 0 0 0 0 0 0 0 0 0 0 0 0 0 0 0 0 0 0 0 0 0 0 0 0 0 0 0 0 0 0 0 0 0 0 0 0 0 0 0 0 0 0 0 0 0 0 0 0 0 0 0 0 0 0 0 0 0 0 0 0 0 0 0 0 0
"P19838" 0 0 0 0 0 0 0 0 0 0 0 0.9 0 0.9 0.9 0 0.9 0.9 0.8072 0 0.7924 0.0628 0.9 1 0.799 0 0.0582 0.7916 0.9 0 0.8 0.9 0 0.7182 0.9 0.9 0 0 0 0.9 0.9 0 0 0 0.9 0.8 0 0.8 0.9 0 0 0 0 0.9 0.7886 0.8 0 0.8 0.7714 0 0 0 0.9 0.7884 0 0 0 0 0 0 0 0 0 0 0 0.7878 0 0 0 0.0678 0 0 0 0 0.8 0 0.9 0 0 0 0.8 0.8 0.8 0 0.8 0.8 0 0.8 0 0 0 0 0 0 0 0 0 0 0.899 0 0 0 0 0 0 0 0 0 0 0.9 0 0 0 0 0 0 0 0 0 0 0 0 0 0 0 0 0 0 0 0 0 0 0 0 0 0 0 0 0 0 0 0 0 0 0
"P21580" 0 0 0 0 0 0 0 0 0 0 0 0.9 0 0.9 0.9 0 0.9 0 0.0944 0 0.1204 0.7956 0 0.799 1 0 0.0548 0.9 0.0816 0 0 0 0 0.094 0 0 0 0 0 0 0 0 0 0 0.9 0 0 0 0 0 0 0 0 0 0 0 0 0 0.9 0 0 0 0 0.2554 0 0.04 0 0 0 0 0 0 0 0 0 0.0674 0 0 0 0.0716 0 0 0 0.04 0 0 0.08 0 0 0 0 0 0 0.1626 0 0 0 0 0 0 0 0 0 0 0 0 0 0 0 0 0 0 0 0 0 0 0 0 0 0 0 0 0 0 0 0 0 0 0 0 0 0 0 0 0 0 0 0 0 0 0 0 0 0 0 0 0 0 0 0 0 0 0 0 0
"Q12933" 0 0 0 0 0 0 0 0 0 0.1776 0 0.8 0 0.8 0.8 0 0.8 0 0.068 0 0 0 0 0 0 1 0.1438 0.8 0 0 0 0 0 0 0 0 0 0 0 0 0.1454 0 0 0 0.8 0.8 0 0.8 0 0 0 0 0 0 0 0 0 0.8 0 0 0.142 0 0 0.1524 0 0 0 0.1812 0 0 0 0 0 0.8 0 0.1786 0 0 0 0 0 0 0 0 0 0 0 0 0 0 0 0 0 0.1494 0 0 0.1468 0 0 0 0 0 0 0 0 0 0 0 0 0 0 0 0 0 0 0 0 0 0 0 0 0 0 0 0 0 0 0 0 0 0 0.0802 0 0 0 0 0 0 0 0 0 0 0 0 0 0 0 0 0 0 0 0 0 0 0
"Q8IUC6" 0 0 0 0 0 0 0 0 0 0 0 0.9 0 0.9 0.9 0 0 0 0.0776 0.899 0.0644 0.0598 0 0.0582 0.0548 0.1438 1 0.9 0 0 0 0 0 0.0764 0 0 0.9 0 0.1428 0.066 0.9 0 0.9 0 0 0 0 0.9 0 0 0 0 0 0 0 0 0 0 0.0662 0 0 0 0 0 0 0 0 0 0 0 0 0 0 0 0 0 0 0 0 0.0628 0 0 0 0 0 0 0 0 0 0 0 0 0 0 0 0 0.8202 0 0 0 0 0 0 0 0 0 0 0 0 0 0 0 0 0 0 0 0 0 0 0 0 0 0 0 0 0 0 0 0 0 0 0 0 0 0 0 0 0 0 0 0 0 0 0 0 0 0 0 0 0 0 0 0 0 0
"Q13546" 0 0 0 0 0 0.9 0.9 0.9 0.9 0 0 0.9 0.9 0.9 0.9 0.0668 0.9 0 0 0.9 0 0 0 0.7916 0.9 0.8 0.9 1 0 0 0 0 0 0 0 0.9 0.9 0 0 0 0.8 0 0 0 0.9 0.9 0.9 0.9 0 0 0 0 0 0.9 0.9 0 0 0.9 0.79 0 0 0.9 0 0.9 0 0.9 0 0 0.9 0.899 0.9 0 0.9 0.9 0.9 0.9 0 0.899 0 0 0 0 0 0 0 0 0 0 0 0 0 0 0 0 0 0 0 0 0 0 0 0 0 0 0 0 0 0 0 0 0 0 0 0 0 0 0 0 0 0 0 0 0 0 0 0 0 0 0 0 0 0 0 0 0 0 0 0 0 0 0 0 0 0 0 0 0 0.0658 0 0 0.0702 0 0 0 0
"P41279" 0 0 0 0 0 0 0 0 0 0 0 0.8 0 0.8 0.8 0 0 0 0 0 0.0722 0 0 0.9 0.0816 0 0 0 1 0 0.8 0.9 0 0 0 0 0 0 0 0 0 0 0 0 0 0.9 0.1502 0 0 0 0 0 0 0 0 0.8 0 0 0 0 0 0 0 0.0652 0 0.05 0 0 0 0 0 0 0 0 0 0 0 0 0 0.0652 0 0 0 0 0 0 0 0 0.05 0 0 0 0 0 0 0 0 0 0 0 0 0 0 0 0 0 0 0 0 0 0 0 0 0 0 0 0 0 0 0 0 0 0 0 0 0 0 0 0.1444 0 0 0 0 0 0 0 0 0 0 0 0 0 0 0 0 0 0 0 0 0 0 0 0 0 0
"Q04759" 0 0 0 0 0 0 0 0 0 0 0.9 0.9 0.9 0.9 0.9 0 0 0 0 0 0 0 0 0 0 0 0 0 0 1 0 0 0 0 0 0 0 0 0.9 0 0 0 0 0 0 0 0 0.8 0 0.9 0 0 0 0 0 0 0.9 0 0 0 0 0 0 0 0 0 0 0 0 0 0 0.9 0 0 0 0 0 0 0 0 0 0 0 0 0 0 0 0 0 0 0 0 0 0.1508 0 0 0 0 0 0 0 0 0 0 0 0 0 0 0 0 0 0 0 0 0 0 0 0 0 0 0 0 0 0 0 0 0 0 0 0 0 0 0 0 0 0 0 0 0 0 0 0 0 0 0 0 0 0 0 0 0 0 0 0 0
"Q9Y243" 0 0 0 0 0 0 0 0 0 0 0 0.8 0 0.8 0.8 0 0 0 0 0 0.8 0 0 0.8 0 0 0 0 0.8 0 1 0.1724 0 0.8 0.1508 0.1552 0 0 0 0.8 0 0 0 0.8 0 0 0.143 0.0572 0 0 0.1514 0 0 0.16 0 0.143 0 0.1502 0.8 0 0 0 0 0 0 0 0 0 0 0 0 0 0 0.8 0 0 0 0 0.8 0 0 0 0 0 0 0 0 0 0 0 0 0 0 0 0 0 0 0 0 0 0 0 0.8 0.8 0 0 0.8 0 0 0 0 0 0 0 0 0 0 0 0 0 0.0584 0 0 0 0 0 0 0 0 0 0 0 0 0 0.1562 0 0 0 0 0 0 0 0 0.0676 0 0 0 0 0 0 0 0 0 0 0
"P31749" 0 0 0.9 0 0 0 0 0 0 0 0 0.9 0 0.9 0.9 0 0 0 0 0 0.8 0 0 0.9 0 0 0 0 0.9 0 0.1724 1 0 0.8 0 0 0 0 0 0.8 0.9 0 0 0.9 0 0.9 0 0 0 0 0 0 0 0.9 0 0.8908 0 0 0.8 0 0 0 0 0 0 0 0 0 0 0 0 0 0 0.9 0 0 0 0 0.9 0 0 0.9 0 0 0 0 0 0 0 0 0 0 0 0 0 0 0 0 0 0 0 0 0.8 0.9 0 0 0.8 0 0 0 0 0 0 0 0 0 0 0 0 0.9 0 0 0 0 0 0 0 0 0 0.9 0 0 0 0 0 0 0 0 0 0 0 0 0 0 0 0 0 0 0 0 0 0 0 0 0
"O95999" 0 0 0 0 0 0 0 0 0 0 0 0.9 0 0.9 0.9 0 0 0 0 0 0 0.9 0 0 0 0 0 0 0 0 0 0 1 0 0 0 0 0 0 0 0.9 0.77 0 0 0 0 0 0.9 0 0 0 0 0 0 0 0 0.77 0 0 0 0 0 0 0 0 0 0 0 0 0 0 0 0 0 0 0 0 0 0 0.0536 0 0 0 0 0 0 0 0 0 0 0 0 0 0 0 0 0 0 0 0 0 0 0 0 0 0 0 0 0 0 0 0 0 0 0 0 0 0 0 0 0 0 0 0 0 0 0 0 0 0 0 0 0 0 0 0 0 0 0 0 0 0 0 0 0 0 0 0 0 0 0 0 0 0 0
"O00221" 0 0 0 0 0 0 0 0 0 0 0 0.8 0 0.8 0.8 0 0 0 0.0868 0 0.0946 0.083 0 0.7182 0.094 0 0.0764 0 0 0 0.8 0.8 0 1 0 0 0 0 0 0.0628 0 0 0 0 0 0 0 0 0 0 0 0 0 0 0.0626 0.8 0 0 0.8 0 0 0 0 0.085 0 0 0 0 0 0 0 0 0 0 0 0.0678 0 0 0 0.069 0 0 0 0 0 0 0 0 0 0 0 0 0 0 0 0 0 0 0 0 0 0 0 0 0 0 0 0 0 0 0 0 0 0 0 0 0 0 0 0 0 0 0 0 0 0 0 0 0 0 0 0 0 0 0 0 0 0 0 0 0 0 0 0 0 0 0 0 0 0 0 0 0 0 0
"P17252" 0 0 0 0 0 0 0 0 0 0 0 0.9 0 0.9 0.9 0 0 0 0 0.0828 0.9 0 0 0.9 0 0 0 0 0 0 0.1508 0 0 0 1 0 0 0 0 0 0 0 0 0 0 0 0.8 0 0 0 0 0 0 0 0.0746 0 0 0.8 0.9 0 0 0 0 0 0 0 0 0 0 0 0 0.8 0 0 0 0 0 0 0 0 0 0 0 0 0.8 0 0 0 0 0 0.8 0 0 0 0 0 0 0.8 0 0 0 0 0 0 0 0 0 0 0.8 0 0 0 0 0 0 0 0 0 0 0.899 0 0 0 0 0 0 0 0 0 0.9 0 0 0 0 0 0 0 0 0 0 0 0 0 0 0 0 0 0 0 0 0 0 0 0 0
"P41743" 0 0 0 0 0 0 0 0 0 0 0 0.9 0 0.9 0.9 0 0.9 0.9 0 0 0 0.899 0 0.9 0 0 0 0.9 0 0 0.1552 0 0 0 0 1 0 0 0 0 0.899 0 0 0 0.899 0 0 0.0682 0.9 0 0.9 0 0 0.9 0.9 0 0 0 0.9 0 0 0 0 0 0 0 0 0 0 0 0 0 0 0 0 0 0 0 0 0 0 0 0 0 0.8 0 0 0 0 0 0.8 0.8 0.8 0 0.8 0.8 0 0.8 0 0 0 0 0 0 0 0 0 0 0 0 0 0 0 0 0 0 0 0 0 0 0 0 0 0 0 0 0 0 0 0 0 0 0 0 0 0 0 0 0 0 0.0698 0 0 0 0 0 0 0 0 0 0 0 0 0 0
"O15455" 0 0 0 0 0 0 0.0606 0 0 0.178 0 0.9 0 0.9 0.9 0 0 0 0 0.9 0 0 0 0 0 0 0.9 0.9 0 0 0 0 0 0 0 0 1 0 0 0 0.9 0 0.9 0 0 0 0 0.9 0 0 0 0 0 0 0 0 0 0 0 0 0 0 0 0 0 0 0 0.1816 0 0 0 0 0 0 0 0 0 0 0 0 0 0 0 0 0 0 0 0 0.04 0 0 0 0 0 0 0 0.169 0 0 0 0 0 0 0 0 0 0 0 0 0 0 0 0 0 0 0 0 0 0 0 0 0 0 0 0 0 0 0 0 0 0 0 0 0 0 0 0 0 0 0 0 0 0 0 0 0 0 0 0 0 0 0 0 0 0
"P35568" 0 0 0.9 0 0 0 0 0 0 0 0 0.8 0 0.8 0.8 0 0 0 0 0 0 0 0 0 0 0 0 0 0 0 0 0 0 0 0 0 0 1 0.8 0 0 0 0 0 0 0 0 0 0.9 0 0 0.1538 0.895 0.8 0 0 0 0 0 0 0 0 0 0 0 0 0 0 0 0 0 0 0 0 0 0 0 0 0 0 0 0 0 0 0 0 0 0 0 0 0 0 0 0 0 0 0 0 0 0 0 0 0 0 0 0 0 0 0 0 0 0 0 0 0 0 0 0 0 0 0 0 0 0 0 0 0 0 0 0 0 0 0 0 0 0 0 0 0 0 0 0 0 0 0 0 0 0 0 0 0 0 0 0 0
"Q02156" 0 0 0 0 0 0 0 0 0 0.174 0 0.9 0.9 0.9 0.9 0 0 0 0 0 0 0 0 0 0 0 0.1428 0 0 0.9 0 0 0 0 0 0 0 0.8 1 0 0 0 0 0 0 0 0 0 0 0 0 0.7826 0.787 0 0 0 0 0 0 0 0 0 0 0 0 0 0 0.1812 0 0 0 0 0 0 0 0 0 0 0 0 0 0 0 0 0 0 0 0 0 0 0 0 0 0 0 0 0.1618 0 0 0 0 0 0 0 0 0 0 0 0 0 0 0 0 0 0 0 0 0 0 0 0 0 0 0 0 0 0 0 0 0 0 0 0 0 0 0 0 0 0 0 0 0 0 0 0 0 0 0 0 0 0 0 0 0 0
"Q15653" 0 0 0 0 0 0 0 0 0 0 0 0.9 0 0.9 0.9 0 0 0 0.802 0.8 0.9 0 0 0.9 0 0 0.066 0 0 0 0.8 0.8 0 0.0628 0 0 0 0 0 1 0 0 0 0 0 0 0 0.8 0 0 0 0 0.1432 0 0 0.8 0 0 0.79 0 0 0 0 0 0 0 0 0 0 0 0 0 0 0 0 0 0 0 0 0 0 0 0 0 0 0 0 0 0 0 0 0 0 0 0 0 0.1596 0 0 0 0 0 0 0 0 0 0 0 0 0 0 0 0 0 0 0 0 0 0 0 0 0 0 0 0 0 0 0 0 0 0 0 0 0 0 0 0 0 0 0 0 0 0 0 0 0 0 0 0 0 0 0 0 0 0
"Q9Y4K3" 0 0 0 0 0 0 0 0 0 0 0 0.9 0 0.9 0.9 0 0.8 0.9 0 0.9 0.9 0.9 0 0.9 0 0.1454 0.9 0.8 0 0 0 0.9 0.9 0 0 0.899 0.9 0 0 0 1 0.9 0.8 0 0 0 0.9 0.9 0.9 0 0.9 0 0 0.9 0.9 0 0.9 0.8 0.9 0 0 0 0.9 0.1632 0 0 0 0 0 0 0 0 0 0.9 0 0.1628 0.9 0 0 0.8 0.9 0 0.9 0 0 0.9 0.9 0 0.9 0 0 0 0 0.1734 0 0 0.9 0 0 0 0 0 0 0 0 0 0 0 0 0 0 0 0 0 0 0 0 0 0 0 0 0 0 0 0 0 0 0 0 0 0 0 0 0 0 0 0 0 0 0 0 0 0 0 0 0 0 0 0 0 0 0 0 0 0
"Q9UDY8" 0 0 0 0 0 0 0 0 0 0.156 0 0.9 0 0.9 0.9 0 0 0 0 0 0 0 0 0 0 0 0 0 0 0 0 0 0.77 0 0 0 0 0 0 0 0.9 1 0 0 0 0 0 0.9 0 0 0 0 0 0 0 0 0.77 0 0 0 0 0 0 0 0 0 0 0.1434 0 0 0 0 0 0 0 0 0 0 0 0 0 0 0 0 0 0 0 0 0 0 0 0 0 0.1572 0 0 0.1554 0 0 0 0 0 0 0 0 0 0 0 0 0 0 0 0 0 0 0 0 0 0 0 0 0 0 0 0 0 0 0 0 0 0 0 0 0 0 0 0 0 0 0 0 0 0 0 0 0 0 0 0 0 0 0 0 0 0
"Q92985" 0 0 0 0 0 0 0 0 0 0 0 0 0 0.8 0.8 0 0 0 0 0 0 0 0 0 0 0 0.9 0 0 0 0 0 0 0 0 0 0.9 0 0 0 0.8 0 1 0 0 0 0 0 0 0 0.8 0 0 0 0 0 0 0 0.1522 0 0 0 0 0 0 0 0 0 0 0 0 0 0 0 0 0 0 0 0 0 0 0 0 0 0 0 0 0 0 0 0 0 0 0 0 0 0 0 0 0 0 0 0 0 0 0 0 0 0 0 0 0 0 0 0 0 0 0 0 0 0 0 0 0 0 0 0 0 0 0 0 0 0 0 0 0 0 0 0 0 0 0 0 0 0 0 0 0 0 0 0 0 0 0 0
"O43524" 0 0 0 0 0 0 0 0 0 0 0 0.9 0.9 0 0.9 0 0 0 0 0 0 0 0 0 0 0 0 0 0 0 0.8 0.9 0 0 0 0 0 0 0 0 0 0 0 1 0 0 0 0 0 0 0 0 0 0 0 0.8 0 0 0.0578 0 0 0 0 0 0 0 0 0 0 0 0 0 0 0 0 0 0 0 0 0 0 0 0 0 0 0 0 0 0 0 0 0 0 0 0 0 0 0 0 0 0 0 0 0 0 0 0 0 0 0 0 0 0 0 0 0 0 0 0 0.899 0 0 0 0 0 0 0 0.9 0 0.9 0 0 0 0 0 0 0 0 0 0 0 0 0 0 0 0 0 0 0 0 0 0 0 0 0
"Q15628" 0 0 0 0 0 0.9 0.9 0.9 0.9 0.174 0 0.9 0 0.9 0.9 0 0.9 0 0 0.9 0 0 0 0.9 0.9 0.8 0 0.9 0 0 0 0 0 0 0 0.899 0 0 0 0 0 0 0 0 1 0.899 0.9 0.899 0 0 0 0.1606 0 0.899 0.899 0 0 0.9 0.9 0 0.8 0.9 0.8 0.9 0 0.9 0 0.1812 0.9 0.899 0.9 0 0.9 0.9 0.9 0.9 0.0616 0.9 0 0 0 0 0 0 0 0 0 0 0 0 0 0 0 0 0 0 0 0 0 0 0 0 0 0 0 0 0 0 0 0 0 0 0 0 0 0 0 0 0 0 0 0 0 0 0 0 0 0 0 0 0 0 0 0 0 0 0 0 0 0 0 0 0 0 0 0 0 0 0 0 0 0 0 0 0
"Q99558" 0 0 0 0 0 0 0 0 0.899 0 0 0.8 0 0.8 0.9 0 0.9 0 0.9 0 0 0 0.9 0.8 0 0.8 0 0.9 0.9 0 0 0.9 0 0 0 0 0 0 0 0 0 0 0 0 0.899 1 0 0.8 0 0 0.8 0 0 0 0 0 0 0.8 0.8 0 0 0.9 0 0.9 0 0 0 0 0.899 0 0.899 0 0 0.9 0 0.9 0 0 0 0.8 0.8 0 0.8 0 0 0 0 0 0 0 0 0 0 0 0 0 0 0 0 0 0 0 0 0 0 0 0 0 0 0 0 0 0 0 0 0 0 0 0 0 0 0 0 0 0 0 0 0 0 0 0 0 0 0 0 0 0 0 0 0 0 0 0 0 0 0 0 0 0 0 0 0 0 0 0
"Q99759" 0 0 0 0 0 0 0 0 0 0 0 0.9 0 0.9 0.9 0 0.9 0 0 0.9 0 0 0 0 0 0 0 0.9 0.1502 0 0.143 0 0 0 0.8 0 0 0 0 0 0.9 0 0 0 0.9 0 1 0.9 0 0 0.9 0 0 0 0.9 0 0 0 0 0 0 0 0 0 0 0 0.1444 0 0 0 0 0 0 0.1456 0 0 0 0 0 0 0 0 0 0 0 0 0.9 0 0 0 0 0 0 0 0 0 0 0 0 0 0 0 0 0 0 0 0 0 0 0 0 0 0 0 0 0 0 0 0 0 0 0 0 0 0 0 0 0 0.1422 0 0 0 0 0 0 0 0 0 0 0 0 0 0 0 0 0 0 0 0 0 0 0 0 0 0
"O43318" 0 0 0 0 0 0 0 0 0 0 0 0.9 0 0.9 0.9 0.066 0.9 0 0 0.9 0.8 0.8 0 0.8 0 0.8 0.9 0.9 0 0.8 0.0572 0 0.9 0 0 0.0682 0.9 0 0 0.8 0.9 0.9 0 0 0.899 0.8 0.9 1 0 0 0.9 0 0 0 0 0 0.9 0.9 0.8 0 0 0 0 0 0 0 0 0 0 0 0 0 0 0 0 0 0 0.8 0 0 0 0 0 0 0 0 0 0 0 0 0 0 0 0 0 0 0 0 0 0 0 0 0 0 0 0 0 0 0 0 0 0 0 0 0 0 0 0 0 0 0 0 0 0 0 0 0 0 0 0 0 0 0 0 0 0 0 0 0.0918 0 0 0 0 0 0 0 0 0 0 0 0.0956 0 0 0 0
"P01138" 0 0 0 0 0 0 0 0 0 0 0.9 0.9 0 0.9 0.9 0 0 0.9 0 0 0.9 0.9 0 0.9 0 0 0 0 0 0 0 0 0 0 0 0.9 0 0.9 0 0 0.9 0 0 0 0 0 0 0 1 0 0.9 0 0.899 0.9 0.9 0 0 0 0.9 0 0 0 0 0 0 0 0 0 0 0 0 0 0 0 0 0 0.9 0 0 0 0 0 0 0 0 0 0 0 0 0 0 0 0 0 0 0 0 0 0 0 0 0 0 0 0 0 0 0 0 0 0 0 0 0 0 0 0 0 0 0.899 0 0 0 0 0 0 0 0 0 0 0 0 0 0 0 0 0 0 0 0 0 0 0 0 0 0 0 0 0 0 0 0 0 0 0
"P21333" 0 0 0 0 0 0 0 0 0 0 0 0.9 0 0.9 0.899 0 0 0 0 0 0 0 0 0 0 0 0 0 0 0.9 0 0 0 0 0 0 0 0 0 0 0 0 0 0 0 0 0 0 0 1 0 0 0 0 0 0 0 0 0 0 0 0 0 0 0 0 0 0 0 0 0 0 0 0 0 0 0 0 0 0 0 0 0 0 0 0 0 0 0 0 0 0 0 0 0 0 0 0 0 0 0 0 0 0 0 0 0 0 0 0 0 0 0 0 0 0 0 0 0 0 0 0 0 0 0 0 0 0 0 0 0 0 0 0 0 0 0 0 0 0 0 0 0 0 0 0 0 0 0 0 0 0 0 0 0
"P51617" 0 0 0 0 0 0 0 0 0 0 0 0.8666 0 0.9 0.87 0 0 0.9 0 0.9 0 0.9 0 0 0 0 0 0 0 0 0.1514 0 0 0 0 0.9 0 0 0 0 0.9 0 0.8 0 0 0.8 0.9 0.9 0.9 0 1 0 0 0.9 0.9 0 0 0 0 0 0.8 0 0.9 0 0 0 0 0 0 0 0 0 0 0 0 0 0.9 0 0 0.1852 0.9 0 0.9 0.899 0.8 0.9 0.9 0.9 0.9 0.9 0.8 0.8 0.8 0.8886 0.8 0.8 0.9 0.8 0 0 0 0 0 0 0 0 0 0 0 0 0 0 0 0 0 0 0 0 0 0 0 0 0 0 0 0 0 0 0 0 0 0 0 0 0 0 0 0 0 0 0 0 0 0 0 0 0 0 0 0 0 0 0 0 0
"O14654" 0 0 0.8 0 0 0 0 0 0 0.1574 0 0.8 0 0.8 0.8 0 0 0 0 0 0 0 0 0 0 0 0 0 0 0 0 0 0 0 0 0 0 0.1538 0.7826 0 0 0 0 0 0.1606 0 0 0 0 0 0 1 0.1692 0.8 0 0 0 0 0 0 0 0 0 0 0 0 0 0.1574 0 0 0 0 0 0 0 0 0 0 0 0 0 0 0 0 0 0 0 0 0 0 0 0 0 0 0 0 0.1504 0 0 0 0 0 0 0 0 0 0 0 0 0 0 0 0 0 0 0 0 0 0 0 0 0 0 0 0 0 0 0 0 0 0 0 0 0 0 0 0 0 0 0 0 0 0 0 0 0 0 0 0 0 0 0 0 0 0
"Q9Y4H2" 0 0 0.8 0 0 0 0 0 0 0.146 0 0.8 0 0.8 0.8 0 0 0 0 0 0 0 0 0 0 0 0 0 0 0 0 0 0 0 0 0 0 0.895 0.787 0.1432 0 0 0 0 0 0 0 0 0.899 0 0 0.1692 1 0.8 0 0 0 0 0 0 0 0 0.146 0 0 0 0 0.1486 0 0 0 0 0 0 0 0 0 0 0 0 0 0 0 0 0 0 0 0 0.1476 0 0 0 0 0 0 0 0 0 0 0 0 0 0 0 0 0 0 0 0 0 0 0 0 0 0 0 0 0 0 0 0 0 0 0 0 0 0 0 0 0 0 0 0 0 0 0 0 0 0 0 0 0 0 0 0 0 0 0 0 0 0 0 0 0 0
"Q05513" 0 0 0 0 0 0 0 0 0 0 0 0.9 0 0.9 0.9 0 0.9 0.9 0 0 0.9 0.899 0 0.9 0 0 0 0.9 0 0 0.16 0.9 0 0 0 0.9 0 0.8 0 0 0.9 0 0 0 0.899 0 0 0 0.9 0 0.9 0.8 0.8 1 0.9 0 0 0 0.9 0 0 0 0 0 0 0 0 0.0688 0 0 0 0 0 0 0 0 0 0 0 0 0 0 0 0 0.8 0 0 0 0 0 0.8 0.8 0.8 0 0.8 0.8 0 0.8 0 0 0 0 0 0 0 0 0 0 0 0 0 0 0 0 0 0 0 0 0 0 0 0 0 0 0 0 0 0 0 0 0 0 0 0 0 0 0 0 0 0 0 0 0 0 0 0 0 0 0 0 0 0 0 0 0
"Q13501" 0 0 0 0 0 0 0 0 0 0 0 0.899 0 0.9 0.899 0 0.9 0.899 0.0712 0.102 0.7914 0.899 0.04 0.7886 0 0 0 0.9 0 0 0 0 0 0.0626 0.0746 0.9 0 0 0 0 0.9 0 0 0 0.899 0 0.9 0 0.9 0 0.9 0 0 0.9 1 0 0 0 0.899 0 0 0 0 0 0 0 0 0 0 0 0 0 0.065 0 0 0 0 0 0 0.057 0 0 0 0.0538 0 0 0.9 0 0 0 0 0 0 0 0 0 0 0 0 0 0 0 0 0 0 0 0.0648 0 0.0814 0 0 0 0 0 0 0 0 0 0 0 0 0 0 0 0 0 0 0 0 0 0 0 0 0 0 0 0 0 0 0 0 0 0 0 0 0 0 0 0 0 0 0 0 0 0
"P31751" 0 0 0 0 0 0 0 0 0 0 0 0.8 0 0.8 0.8 0 0 0 0 0 0.8 0 0 0.8 0 0 0 0 0.8 0 0.143 0.8908 0 0.8 0 0 0 0 0 0.8 0 0 0 0.8 0 0 0 0 0 0 0 0 0 0 0 1 0 0 0.8 0 0 0 0 0 0 0 0 0 0 0 0 0 0 0.8 0 0 0 0 0.8 0 0 0.9 0 0 0 0 0 0 0 0 0 0 0 0 0 0 0 0 0 0 0 0 0.9 0.9 0 0 0.8 0 0 0 0 0 0 0 0 0 0 0 0 0 0 0 0 0 0 0 0 0 0 0 0 0 0 0 0 0 0 0 0 0 0 0 0 0 0 0 0 0 0 0 0 0 0 0 0
"Q9BXL7" 0 0 0 0 0 0 0 0 0 0 0 0.9 0 0.9 0.9 0 0 0 0 0 0 0.9 0 0 0 0 0 0 0 0.9 0 0 0.77 0 0 0 0 0 0 0 0.9 0.77 0 0 0 0 0 0.9 0 0 0 0 0 0 0 0 1 0 0 0 0 0 0 0 0 0 0 0 0 0 0 0 0 0 0 0 0 0 0 0 0 0 0 0 0 0 0 0 0 0 0 0 0 0 0 0 0 0 0 0 0 0 0 0 0 0 0 0 0 0 0 0 0 0 0 0 0 0 0 0 0 0 0 0 0 0 0 0 0 0 0 0 0 0 0 0 0 0 0 0 0 0 0 0 0 0 0 0 0 0 0 0 0 0 0
"Q13233" 0 0 0 0 0 0.9 0.9 0.9 0.9 0 0.9 0.8 0 0.8 0.8 0 0 0 0 0 0 0 0 0.8 0 0.8 0 0.9 0 0 0.1502 0 0 0 0.8 0 0 0 0 0 0.8 0 0 0 0.9 0.8 0 0.9 0 0 0 0 0 0 0 0 0 1 0.8 0 0 0 0 0 0 0 0 0 0 0 0 0 0 0 0 0 0 0.9 0 0 0 0 0 0 0 0 0 0 0 0 0 0 0 0 0 0 0 0 0 0 0 0.065 0 0 0 0 0 0 0 0 0 0 0 0 0 0 0 0 0 0 0 0 0 0 0 0 0 0 0 0 0 0 0 0 0 0 0 0 0 0 0 0 0 0 0 0 0 0 0 0 0 0 0 0 0
"Q04206" 0 0 0 0 0 0 0 0.0604 0 0 0 0.9 0 0.9 0.9 0 0.9 0.9 0.8046 0 0.9 0 0 0.7714 0.9 0 0.0662 0.79 0 0 0.8 0.8 0 0.8 0.9 0.9 0 0 0 0.79 0.9 0 0.1522 0.0578 0.9 0.8 0 0.8 0.9 0 0 0 0 0.9 0.899 0.8 0 0.8 1 0 0 0 0.9 0.9 0 0 0 0 0 0 0 0 0.0682 0 0 0.9 0 0 0 0 0 0 0 0 0.8 0 0.9 0 0 0 0.8 0.8 0.8 0 0.8 0.8 0 0.8 0 0 0 0 0 0 0 0 0 0 0.899 0 0 0 0 0 0 0 0 0 0 0.0876 0 0 0 0 0 0 0 0 0 0 0 0 0 0 0 0 0 0.0662 0 0 0 0 0 0 0 0 0 0 0 0 0 0 0 0 0
"Q6NSJ8" 0 0 0 0 0 0 0 0 0 0 0 0 0 0 0 0 0 0 0 0 0 0 0 0 0 0 0 0 0 0 0 0 0 0 0 0 0 0 0 0 0 0 0 0 0 0 0 0 0 0 0 0 0 0 0 0 0 0 0 1 0.0444 0 0 0 0 0 0 0 0 0 0 0 0 0 0 0 0 0 0 0 0 0 0 0 0 0 0 0 0 0 0 0 0 0 0 0 0 0 0 0 0 0 0 0 0 0 0 0 0 0 0 0 0 0 0 0 0 0 0 0 0 0 0 0 0 0 0 0 0 0 0 0 0 0 0 0 0 0 0 0 0 0 0 0 0 0 0 0 0 0 0 0 0 0 0
"Q9NPH3" 0 0 0 0 0 0 0 0 0.8 0 0 0 0 0 0 0 0 0 0 0 0 0 0 0 0 0.142 0 0 0 0 0 0 0 0 0 0 0 0 0 0 0 0 0 0 0.8 0 0 0 0 0 0.8 0 0 0 0 0 0 0 0 0.0444 1 0 0.8 0 0 0 0 0 0 0 0 0 0 0 0 0 0.8 0 0 0.8 0.8 0 0.8 0 0 0.8 0.8 0 0 0 0 0 0 0 0 0 0 0 0 0 0 0 0 0 0 0 0 0 0 0 0 0 0 0 0 0 0 0 0 0 0 0 0 0 0 0 0 0 0 0 0 0 0 0 0 0 0 0 0 0 0 0 0 0 0 0 0 0 0 0 0 0 0 0 0
"Q13490" 0 0 0 0 0 0 0 0 0.9 0 0.9 0 0.9 0.9 0 0 0.9 0 0 0 0 0.8 0 0 0 0 0 0.9 0 0 0 0 0 0 0 0 0 0 0 0 0 0 0 0 0.9 0.9 0 0 0 0 0 0 0 0 0 0 0 0 0 0 0 1 0 0.7916 0 0 0 0 0 0 0 0 0 0 0 0.9 0 0 0 0 0 0 0 0 0 0 0 0 0 0 0 0 0 0.1562 0 0 0 0 0 0 0 0 0 0 0 0 0 0 0 0 0 0 0 0 0 0 0 0 0 0 0 0 0 0 0 0 0 0 0 0 0 0 0 0.0678 0 0 0 0 0 0 0 0 0 0 0 0 0 0 0 0 0 0 0 0 0
"P14778" 0 0 0 0 0 0 0 0 0.8 0 0.8 0 0 0 0 0 0 0 0 0.8 0 0 0 0.9 0 0 0 0 0 0 0 0 0 0 0 0 0 0 0 0 0.9 0 0 0 0.8 0 0 0 0 0 0.9 0 0.146 0 0 0 0 0 0.9 0 0.8 0 1 0 0 0 0 0 0 0 0 0 0 0 0 0 0.9 0 0 0.9 0.9 0 0.9 0 0 0.9 0.9 0 0.9 0 0 0 0 0 0 0 0.8668 0 0 0 0 0 0 0 0 0 0 0 0 0 0 0 0 0 0 0 0 0 0 0 0 0 0 0 0 0 0 0 0 0 0 0 0 0 0 0 0 0 0 0 0 0 0 0 0 0 0 0 0 0 0 0 0 0 0
"Q13489" 0 0 0 0 0 0.0492 0 0 0.9 0 0.9 0 0.9 0 0 0 0.9 0 0.0736 0 0.7936 0.8 0 0.7884 0.2554 0.1524 0 0.9 0.0652 0 0 0 0 0.085 0 0 0 0 0 0 0.1632 0 0 0 0.9 0.9 0 0 0 0 0 0 0 0 0 0 0 0 0.9 0 0 0.7916 0 1 0 0.899 0 0 0.9 0.9 0.9 0 0.899 0.9 0 0.7922 0 0.899 0 0.0774 0 0 0 0 0 0 0 0 0 0 0 0 0 0.1526 0 0 0 0 0 0 0 0 0 0 0 0 0 0 0 0 0 0 0 0 0 0 0 0 0 0 0 0 0 0 0 0 0 0 0 0 0 0 0 0 0 0 0 0 0 0 0 0 0 0 0 0 0 0 0 0 0 0 0 0 0
"Q00610" 0 0 0 0 0 0 0 0 0.9 0 0 0 0.9 0 0 0 0 0 0 0 0 0 0 0 0 0 0 0 0 0 0 0 0 0 0 0 0 0 0 0 0 0 0 0 0 0 0 0 0 0 0 0 0 0 0 0 0 0 0 0 0 0 0 0 1 0 0 0 0 0 0 0 0 0 0 0 0 0 0 0 0 0 0 0 0 0 0 0 0 0 0 0 0 0 0 0 0 0 0 0 0 0 0 0 0 0 0 0 0 0 0 0 0 0 0 0 0 0 0 0 0 0 0 0 0 0 0 0 0 0.0792 0 0 0 0 0 0 0 0 0 0 0 0 0 0 0 0 0 0 0 0 0 0 0 0 0
"O95429" 0 0 0 0.04 0 0 0 0 0.9 0 0 0 0 0 0 0 0.9 0 0 0 0 0 0 0 0.04 0 0 0.9 0.05 0 0 0 0 0 0 0 0 0 0 0 0 0 0 0 0.9 0 0 0 0 0 0 0 0 0 0 0 0 0 0 0 0 0 0 0.899 0 1 0 0 0.9 0 0.899 0 0 0.9 0 0.899 0 0 0 0 0 0 0 0 0 0 0 0 0 0 0 0 0 0 0 0 0 0 0 0 0 0 0 0 0 0 0 0 0 0 0 0 0 0 0 0 0 0 0 0 0 0 0 0 0 0 0 0 0 0 0 0 0 0.0738 0 0 0 0 0 0 0 0 0 0 0 0 0 0 0 0 0 0 0 0 0
"Q06187" 0 0 0 0 0 0 0 0 0.9 0 0 0 0.9 0 0 0 0 0 0 0 0 0 0 0 0 0 0 0 0 0 0 0 0 0 0 0 0 0 0 0 0 0 0 0 0 0 0.1444 0 0 0 0 0 0 0 0 0 0 0 0 0 0 0 0 0 0 0 1 0 0 0 0 0 0 0 0 0 0 0 0 0 0 0 0 0 0 0 0 0 0 0 0 0 0 0 0 0 0 0 0 0 0 0 0 0 0 0 0 0 0 0 0 0 0 0 0 0 0 0 0 0 0 0 0 0 0 0 0 0 0 0 0 0 0 0 0 0 0 0 0 0 0 0 0 0 0 0 0 0 0 0 0 0 0 0 0
"O14798" 0 0 0 0 0 0.2276 0.9 0.1768 0.8 0.2342 0 0 0 0.1548 0 0 0 0.1496 0 0 0 0.1812 0 0 0 0.1812 0 0 0 0 0 0 0 0 0 0 0.1816 0 0.1812 0 0 0.1434 0 0 0.1812 0 0 0 0 0 0 0.1574 0.1486 0.0688 0 0 0 0 0 0 0 0 0 0 0 0 0 1 0 0 0 0 0 0 0 0 0 0 0 0 0 0 0 0 0 0 0 0 0 0 0 0 0 0 0 0 0 0 0 0 0 0 0 0 0 0 0 0 0 0 0 0 0 0 0 0 0 0 0 0 0 0 0 0 0 0 0 0 0 0 0 0 0 0 0 0 0 0 0 0 0 0 0 0 0 0 0 0 0 0 0 0 0 0 0
"P42575" 0 0 0 0 0 0 0 0 0.9 0 0.9 0 0 0 0 0 0.9 0 0 0 0 0 0 0 0 0 0 0.9 0 0 0 0 0 0 0 0 0 0 0 0 0 0 0 0 0.9 0.899 0 0 0 0 0 0 0 0 0 0 0 0 0 0 0 0 0 0.9 0 0.9 0 0 1 0 0.9 0 0 0.9 0 0.9 0 0.9 0 0 0 0 0 0 0 0 0 0 0 0 0 0 0 0 0 0 0 0 0 0 0 0 0 0 0 0 0 0 0 0 0 0 0 0 0 0 0 0 0 0 0 0 0 0 0 0 0 0 0 0 0 0 0 0 0 0 0 0 0 0 0 0 0 0 0 0 0 0 0 0 0 0 0 0 0
"P55957" 0 0 0 0 0.9 0 0 0 0.9 0 0 0 0.9 0 0 0 0.9 0 0 0 0 0 0 0 0 0 0 0.899 0 0 0 0 0 0 0 0 0 0 0 0 0 0 0 0 0.899 0 0 0 0 0 0 0 0 0 0 0 0 0 0 0 0 0 0 0.9 0 0 0 0 0 1 0.9 0 0 0.899 0 0 0 0 0 0 0 0 0 0 0 0 0 0 0 0 0 0 0 0 0 0 0 0 0 0 0 0 0 0.9 0 0 0 0 0 0 0 0 0 0 0 0 0 0 0 0 0 0 0 0 0 0 0 0 0 0 0 0 0 0 0 0 0 0 0 0 0 0 0 0 0 0 0 0 0 0 0 0 0 0 0
"P78560" 0 0 0 0 0 0 0 0 0.9 0 0 0 0 0 0 0 0.9 0 0 0 0 0 0 0 0 0 0 0.9 0 0 0 0 0 0 0 0 0 0 0 0 0 0 0 0 0.9 0.899 0 0 0 0 0 0 0 0 0 0 0 0 0 0 0 0 0 0.9 0 0.899 0 0 0.9 0.9 1 0 0.899 0.899 0 0.9 0 0.899 0 0 0 0 0 0 0 0 0 0 0 0 0 0 0 0 0 0 0 0 0 0 0 0 0 0 0 0 0 0 0 0 0 0 0 0 0 0 0 0 0 0 0 0 0 0 0 0 0 0 0 0 0 0 0 0 0 0 0 0 0 0 0 0 0 0 0 0 0 0 0 0 0 0 0 0 0
"P15311" 0 0 0 0 0 0.056 0 0 0.9 0 0 0 0.9 0 0 0 0 0 0 0 0 0 0 0 0 0 0 0 0 0.9 0 0 0 0 0.8 0 0 0 0 0 0 0 0 0 0 0 0 0 0 0 0 0 0 0 0 0 0 0 0 0 0 0 0 0 0 0 0 0 0 0 0 1 0 0 0 0 0 0 0 0 0 0.9 0 0 0 0 0 0 0 0 0 0 0 0 0 0 0 0 0 0 0 0.8016 0 0 0 0 0 0 0.8 0 0 0 0 0 0 0 0 0 0 0 0 0 0 0 0 0 0 0 0 0 0 0 0 0 0 0 0 0 0 0 0 0 0.0558 0 0 0 0 0 0 0 0 0 0 0 0
"P17405" 0 0 0 0 0 0 0.9 0.9 0.9 0 0 0 0.9 0 0 0 0.9 0 0 0 0 0 0 0 0 0 0 0.9 0 0 0 0 0 0 0 0 0 0 0 0 0 0 0 0 0.9 0 0 0 0 0 0 0 0 0 0.065 0 0 0 0.0682 0 0 0 0 0.899 0 0 0 0 0 0 0.899 0 1 0 0 0 0 0 0 0 0 0 0 0 0 0 0 0 0 0 0 0 0 0 0 0 0 0 0 0 0 0 0 0 0 0 0 0 0 0 0 0 0 0 0 0 0 0 0 0 0 0 0 0 0 0 0 0 0 0 0 0 0 0 0 0 0 0 0 0 0 0 0 0 0 0 0 0 0 0 0 0 0 0 0
"Q99683" 0 0 0 0 0 0 0.05 0 0.9 0 0 0 0.9 0 0 0 0.9 0 0 0 0 0 0 0 0 0.8 0 0.9 0 0 0.8 0.9 0 0 0 0 0 0 0 0 0.9 0 0 0 0.9 0.9 0.1456 0 0 0 0 0 0 0 0 0.8 0 0 0 0 0 0 0 0.9 0 0.9 0 0 0.9 0.899 0.899 0 0 1 0 0.9 0 0.9 0 0 0 0 0 0 0 0 0 0 0 0 0 0 0 0 0 0 0 0 0 0 0 0 0 0 0 0 0 0 0 0 0 0 0 0 0 0 0 0 0 0 0 0 0 0 0 0 0 0 0 0 0 0 0 0 0 0 0 0 0 0 0 0 0 0 0 0 0 0 0 0 0 0 0 0 0
"P42224" 0 0 0 0 0 0 0 0 0.9 0 0 0 0 0 0 0 0.9 0 0 0 0 0 0 0 0 0 0 0.9 0 0 0 0 0 0 0 0 0 0 0 0 0 0 0 0 0.9 0 0 0 0 0 0 0 0 0 0 0 0 0 0 0 0 0 0 0 0 0 0 0 0 0 0 0 0 0 1 0 0 0 0 0 0 0 0 0 0 0 0 0 0 0 0 0 0 0 0 0 0 0 0 0 0 0 0 0 0 0 0 0 0 0 0 0 0 0 0 0 0 0 0 0 0 0 0 0 0 0 0 0 0 0 0 0 0 0 0 0 0 0 0 0 0 0 0 0 0 0 0 0 0 0 0 0 0 0 0
"Q13077" 0 0 0 0 0 0 0 0 0.9 0 0 0 0 0 0 0 0.9 0 0.0788 0 0.9 0 0 0.7878 0.0674 0.1786 0 0.9 0 0 0 0 0 0.0678 0 0 0 0 0 0 0.1628 0 0 0 0.9 0.9 0 0 0 0 0 0 0 0 0 0 0 0 0.9 0 0 0.9 0 0.7922 0 0.899 0 0 0.9 0 0.9 0 0 0.9 0 1 0 0.899 0 0.0588 0 0 0 0 0 0 0 0 0 0 0 0 0 0 0 0 0 0 0 0 0 0 0 0 0 0 0 0 0 0 0 0 0 0 0 0 0 0 0 0 0 0 0 0 0 0 0 0 0 0 0 0 0 0 0 0 0 0 0 0 0 0 0 0 0 0 0 0 0 0 0 0 0 0 0
"Q99836" 0 0 0 0 0 0 0 0 0.8 0 0 0 0 0 0 0 0 0.9 0 0 0 0.9 0 0 0 0 0 0 0 0 0 0 0 0 0 0 0 0 0 0 0.9 0 0 0 0.0616 0 0 0 0.9 0 0.9 0 0 0 0 0 0 0 0 0 0.8 0 0.9 0 0 0 0 0 0 0 0 0 0 0 0 0 1 0 0 0.9 0.9 0 0.9 0 0 0.9 0.9 0 0.9 0 0 0 0 0 0 0 0 0 0 0 0 0 0 0 0 0 0 0 0 0 0 0 0 0 0 0 0 0 0 0 0 0 0 0 0 0 0 0 0 0 0 0 0 0 0 0 0 0 0 0 0 0 0 0 0 0 0 0 0 0 0 0 0 0 0
"O14733" 0 0 0 0 0 0 0 0 0.9 0 0 0 0.9 0 0 0 0.9 0 0 0 0 0 0 0 0 0 0 0.899 0 0 0 0 0 0 0 0 0 0 0 0 0 0 0 0 0.9 0 0 0.8 0 0 0 0 0 0 0 0 0 0.9 0 0 0 0 0 0.899 0 0 0 0 0.9 0 0.899 0 0 0.9 0 0.899 0 1 0 0 0 0 0 0 0 0 0 0 0 0 0 0 0 0 0 0 0 0 0 0 0 0 0 0 0 0 0 0 0 0 0 0 0 0 0 0 0 0 0 0 0 0 0 0 0 0 0 0 0 0 0 0 0 0 0 0 0 0 0 0 0 0 0 0 0 0 0 0 0 0 0 0 0 0 0
"P49815" 0 0 0 0 0 0 0 0 0 0 0 0.9 0 0 0 0 0 0 0 0 0 0 0 0 0 0 0 0 0 0 0.8 0.9 0 0 0 0 0 0 0 0 0 0 0 0 0 0 0 0 0 0 0 0 0 0 0 0.8 0 0 0 0 0 0 0 0 0 0 0 0 0 0 0 0 0 0 0 0 0 0 1 0 0 0.9 0 0 0 0 0 0 0 0 0 0 0 0 0 0 0 0 0 0 0 0 0 0 0 0 0 0 0 0 0.096 0 0 0 0 0 0 0 0 0.9 0 0 0 0 0 0 0 0 0 0.9 0 0 0 0 0 0 0 0 0 0 0 0 0 0 0 0 0 0 0 0 0 0 0 0 0
"O43187" 0 0 0 0 0 0 0 0.0522 0 0 0 0.8124 0 0 0.1742 0 0 0.8 0.0598 0 0.0582 0.2396 0 0.0678 0.0716 0 0.0628 0 0.0652 0 0 0 0.0536 0.069 0 0 0 0 0 0 0.8 0 0 0 0 0.8 0 0 0 0 0.1852 0 0 0 0.057 0 0 0 0 0 0.8 0 0.9 0.0774 0 0 0 0 0 0 0 0 0 0 0 0.0588 0.9 0 0 1 0.216 0 0.9 0 0 0.7878 0.7878 0 0.9 0 0 0 0 0 0 0 0 0 0 0 0 0 0 0 0 0 0 0 0 0 0 0 0 0 0 0 0 0 0 0 0 0 0 0 0 0 0 0 0 0 0 0 0 0 0 0 0 0 0 0 0 0 0 0 0 0 0 0 0 0 0 0 0 0 0
"Q9Y616" 0 0 0 0 0 0 0 0 0 0 0 0.8 0 0 0 0 0 0.8 0 0 0 0 0 0 0 0 0 0 0 0 0 0 0 0 0 0 0 0 0 0 0.9 0 0 0 0 0.8 0 0 0 0 0.9 0 0 0 0 0 0 0 0 0 0.8 0 0.9 0 0 0 0 0 0 0 0 0 0 0 0 0 0.9 0 0 0.216 1 0 0.9 0 0 0.9 0.9 0 0.9 0 0 0 0 0 0 0 0 0 0 0 0.05 0 0 0 0 0.05 0 0.05 0 0 0 0 0 0 0 0 0 0 0 0 0 0 0 0 0 0 0 0 0 0 0 0 0 0 0 0 0 0 0 0 0 0 0 0 0 0 0 0 0 0 0 0 0 0 0
"Q92574" 0 0 0 0 0 0 0 0 0 0 0 0.9 0 0 0 0 0 0 0 0 0 0 0 0 0 0 0 0 0 0 0 0.9 0 0 0 0 0 0 0 0 0 0 0 0 0 0 0 0 0 0 0 0 0 0 0 0.9 0 0 0 0 0 0 0 0 0 0 0 0 0 0 0 0.9 0 0 0 0 0 0 0.9 0 0 1 0 0 0 0 0 0 0 0 0 0 0 0 0 0 0 0 0 0.05 0 0.899 0 0 0 0 0 0 0 0 0 0 0 0 0 0 0 0 0 0.9 0 0 0 0 0 0 0 0 0 0.9 0 0 0 0 0 0 0 0 0 0 0 0 0 0 0 0 0 0 0 0 0 0 0 0 0
"Q9NWZ3" 0 0 0 0 0 0 0 0 0 0 0 0.8 0 0 0 0 0 0.8 0 0 0 0 0 0 0 0 0 0 0 0 0 0 0 0 0 0 0 0 0 0 0.9 0 0 0 0 0.8 0 0 0 0 0.9 0 0 0 0 0 0 0 0 0 0.8 0 0.9 0 0 0 0 0 0 0 0 0 0 0 0 0 0.9 0 0 0.9 0.9 0 1 0 0.8 0.9 0.9 0.9 0.9 0.9 0.8 0.8 0.8 0.9 0.8 0.8 0.9 0.8 0 0 0 0 0 0 0 0 0 0 0 0 0 0 0 0 0 0 0 0 0 0 0 0 0 0 0 0 0 0 0.1442 0 0 0 0 0 0 0 0 0 0 0 0 0 0 0 0 0 0 0 0 0 0 0 0 0 0
"Q15654" 0 0 0 0 0 0 0 0 0 0 0 0 0 0 0 0 0 0 0 0 0 0.69 0 0 0.04 0 0 0 0 0 0 0 0 0 0 0 0 0 0 0 0 0 0 0 0 0 0 0 0 0 0.899 0 0 0 0.0538 0 0 0 0 0 0 0 0 0 0 0 0 0 0 0 0 0 0 0 0 0 0 0 0 0 0 0 0 1 0 0 0 0 0.899 0 0 0 0 0 0 0 0 0 0 0 0 0 0 0 0 0 0 0 0 0 0 0 0 0 0 0 0 0 0 0 0 0 0 0 0 0 0 0 0 0 0 0 0 0 0 0 0 0 0 0 0 0 0 0 0 0 0 0 0 0 0 0 0 0 0
"P62714" 0 0 0 0 0 0 0 0 0 0.0468 0 0 0 0 0 0 0 0 0 0 0 0 0 0.8 0 0 0 0 0 0 0 0 0 0 0.8 0.8 0 0 0 0 0 0 0 0 0 0 0 0 0 0 0.8 0 0 0.8 0 0 0 0 0.8 0 0 0 0 0 0 0 0 0 0 0 0 0 0 0 0 0 0 0 0 0 0 0 0.8 0 1 0 0 0 0 0 0.9 0.9 0 0 0.9 0 0 0.8608 0 0 0 0 0 0 0 0 0 0 0 0 0 0 0 0 0 0 0 0 0 0 0 0 0 0 0 0 0 0 0 0 0 0 0 0 0 0 0 0 0 0 0 0 0 0 0 0 0 0 0 0 0 0 0 0 0
"P01583" 0 0 0 0 0 0 0 0 0 0 0 0 0 0 0 0 0 0 0 0 0 0 0 0 0 0 0 0 0 0 0 0 0 0 0 0 0 0 0 0 0.9 0 0 0 0 0 0 0 0 0 0.9 0 0 0 0 0 0 0 0 0 0.8 0 0.9 0 0 0 0 0 0 0 0 0 0 0 0 0 0.9 0 0 0.7878 0.9 0 0.9 0 0 1 0.832 0 0.9 0 0 0 0 0 0 0 0 0 0 0 0 0 0 0 0 0 0 0 0 0 0 0 0 0 0 0 0 0 0 0 0 0 0 0 0 0 0 0 0 0 0 0 0 0 0 0 0 0 0 0 0 0 0 0.0744 0 0 0 0 0 0 0 0 0 0 0
"P01584" 0 0 0 0 0 0 0 0 0 0 0 0 0 0 0 0 0 0 0.9 0 0.0674 0.0626 0 0.9 0.08 0 0 0 0 0 0 0 0 0 0 0 0 0 0 0 0.9 0 0 0 0 0 0.9 0 0 0 0.9 0 0 0 0.9 0 0 0 0.9 0 0.8 0 0.9 0 0 0 0 0 0 0 0 0 0 0 0 0 0.9 0 0 0.7878 0.9 0 0.9 0 0 0.832 1 0 0.9 0 0 0 0 0 0 0 0.9 0 0 0 0 0 0 0 0 0 0 0 0 0 0 0 0 0 0 0 0 0 0 0 0 0 0 0 0 0 0 0 0 0 0 0 0 0 0 0 0 0 0 0 0 0 0 0 0 0 0 0 0 0 0 0 0 0 0
"Q9HAT8" 0 0 0 0 0 0 0 0 0 0 0 0 0 0 0 0 0 0 0 0 0 0 0 0 0 0 0 0 0 0 0 0 0 0 0 0 0 0 0 0 0 0 0 0 0 0 0 0 0 0 0.9 0 0 0 0 0 0 0 0 0 0 0 0 0 0 0 0 0 0 0 0 0 0 0 0 0 0 0 0 0 0 0 0.9 0 0 0 0 1 0 0.9122 0 0 0 0.9 0 0 0 0 0 0 0 0 0 0 0 0 0 0 0 0 0 0 0 0 0 0 0 0 0 0 0 0 0 0 0 0 0 0 0 0 0 0 0 0 0 0 0 0 0 0 0 0 0 0 0 0 0 0 0 0 0 0 0 0 0
"Q9H0E2" 0 0 0 0 0 0 0 0 0 0 0 0 0 0 0 0 0 0 0 0 0 0 0 0 0 0 0 0 0.05 0 0 0 0 0 0 0 0.04 0 0 0 0.9 0 0 0 0 0 0 0 0 0 0.9 0 0.1476 0 0 0 0 0 0 0 0 0 0.9 0 0 0 0 0 0 0 0 0 0 0 0 0 0.9 0 0 0.9 0.9 0 0.9 0.899 0 0.9 0.9 0 1 0 0 0 0 0 0 0 0.05 0 0 0 0 0 0 0 0 0 0 0 0 0 0 0 0 0 0 0 0 0 0 0 0 0 0 0 0 0 0 0 0 0 0 0 0 0 0 0 0 0 0 0 0 0 0 0 0 0 0 0 0 0 0 0 0 0 0
"Q8N2H9" 0 0 0 0 0 0 0 0 0 0 0 0 0 0 0 0 0 0 0 0 0 0 0 0 0 0 0 0 0 0 0 0 0 0 0 0 0 0 0 0 0 0 0 0 0 0 0 0 0 0 0.9 0 0 0 0 0 0 0 0 0 0 0 0 0 0 0 0 0 0 0 0 0 0 0 0 0 0 0 0 0 0 0 0.9 0 0 0 0 0.9122 0 1 0 0 0 0.9 0 0 0 0 0 0 0 0 0 0 0 0 0 0 0 0 0 0 0 0 0 0 0 0 0 0 0 0 0 0 0 0 0 0 0 0 0 0 0 0 0 0 0 0 0 0 0 0 0 0 0 0 0 0 0 0 0 0 0 0 0
"P30153" 0 0 0 0 0 0 0 0 0 0 0 0 0 0 0 0 0 0 0 0 0 0 0 0.8 0 0 0 0 0 0 0 0 0 0 0.8 0.8 0 0 0 0 0 0 0 0 0 0 0 0 0 0 0.8 0 0 0.8 0 0 0 0 0.8 0 0 0 0 0 0 0 0 0 0 0 0 0 0 0 0 0 0 0 0 0 0 0 0.8 0 0.9 0 0 0 0 0 1 0.8628 0 0 0.8962 0.1626 0 0.9 0 0 0.899 0 0 0 0 0 0 0 0 0.899 0.899 0.899 0.899 0.899 0.899 0.899 0.899 0.899 0.899 0.9 0.899 0.899 0.899 0.899 0.899 0.899 0.899 0.899 0.9 0.899 0.899 0.899 0.899 0.899 0.899 0.899 0.899 0.899 0.899 0.899 0.899 0.899 0.899 0.899 0.899 0.899 0.899 0.899 0.899 0.899 0.899 0.899 0.899 0.899 0.899
"Q9Y2T4" 0 0 0 0 0 0 0 0 0 0 0 0 0 0 0 0 0 0 0 0 0 0 0 0.8 0 0 0 0 0 0 0 0 0 0 0 0.8 0 0 0 0 0 0 0 0 0 0 0 0 0 0 0.8 0 0 0.8 0 0 0 0 0.8 0 0 0 0 0 0 0 0 0 0 0 0 0 0 0 0 0 0 0 0 0 0 0 0.8 0 0.9 0 0 0 0 0 0.8628 1 0 0 0.9156 0.1956 0 0.9 0 0 0 0 0 0 0 0 0 0 0 0 0 0 0 0 0 0 0 0 0 0 0 0 0 0 0 0 0 0 0 0 0 0 0 0 0 0 0 0 0 0 0 0 0 0 0 0 0 0 0 0 0 0 0 0 0
"Q00005" 0 0 0 0.0794 0 0 0 0 0 0 0 0 0 0 0 0 0 0 0 0 0 0 0 0.8 0 0 0 0 0 0 0 0 0 0 0 0.8 0 0 0 0 0 0 0 0 0 0 0 0 0 0 0.8 0 0 0.8 0 0 0 0 0.8 0 0 0 0 0 0 0 0 0 0 0 0 0 0 0 0 0 0 0 0 0 0 0 0.8 0 0 0 0 0 0 0 0 0 1 0 0 0 0 0 0 0 0 0 0 0 0.0378 0 0 0 0 0.0746 0 0 0 0 0 0 0 0 0 0 0 0 0 0 0 0 0 0 0 0 0 0 0 0 0 0 0 0 0 0 0 0 0 0 0 0 0 0 0 0 0 0 0 0 0
"Q96FA3" 0 0 0 0 0 0 0 0 0 0 0 0 0 0 0 0 0 0 0 0 0 0 0 0 0.1626 0.1494 0 0 0 0.1508 0 0 0 0 0 0 0 0 0 0 0.1734 0.1572 0 0 0 0 0 0 0 0 0.8886 0 0 0 0 0 0 0 0 0 0 0.1562 0 0.1526 0 0 0 0 0 0 0 0 0 0 0 0 0 0 0 0 0 0 0.9 0 0 0 0 0.9 0 0.9 0 0 0 1 0 0 0 0 0 0 0 0 0 0 0 0 0 0 0 0 0 0 0 0 0 0 0 0 0 0 0 0 0 0 0 0 0 0 0 0 0 0 0 0 0 0 0 0 0 0 0 0 0 0 0 0 0 0 0 0 0 0 0 0 0
"P63151" 0 0 0 0 0 0.0464 0 0 0 0 0 0 0 0 0 0 0 0 0 0 0 0 0 0.8 0 0 0 0 0 0 0 0 0 0 0 0.8 0 0 0 0 0 0 0 0 0 0 0 0 0 0 0.8 0 0 0.8 0 0 0 0 0.8 0 0 0 0 0 0 0 0 0 0 0 0 0 0 0 0 0 0 0 0 0 0 0 0.8 0 0.9 0 0 0 0 0 0.8962 0.9156 0 0 1 0.1848 0 0.9 0 0 0 0 0 0 0 0 0 0 0 0 0 0 0 0 0 0 0 0 0 0.899 0.0794 0 0 0 0 0 0 0 0 0.899 0 0 0 0 0 0 0 0 0 0 0 0 0 0 0 0 0 0 0 0 0 0 0 0 0
"Q66LE6" 0 0 0 0 0 0 0 0 0 0 0 0 0 0 0 0 0 0 0 0 0 0 0 0.8 0 0 0 0 0 0 0 0 0 0 0 0.8 0 0 0 0 0 0 0 0 0 0 0 0 0 0 0.8 0 0 0.8 0 0 0 0 0.8 0 0 0 0 0 0 0 0 0 0 0 0 0 0 0 0 0 0 0 0 0 0 0 0.8 0 0 0 0 0 0 0 0.1626 0.1956 0 0 0.1848 1 0 0 0 0 0 0 0 0 0 0 0 0 0 0 0 0 0 0 0 0 0 0 0 0 0 0 0 0 0 0 0 0 0 0 0 0 0 0 0 0 0 0 0 0 0 0 0 0 0 0 0 0 0 0 0 0 0 0 0
"Q86XR7" 0 0 0 0 0 0 0 0 0 0 0 0 0 0.1728 0 0 0 0 0 0 0 0.1856 0 0 0 0.1468 0.8202 0 0 0 0 0 0 0 0 0 0.169 0 0.1618 0.1596 0.9 0.1554 0 0 0 0 0 0 0 0 0.9 0.1504 0 0 0 0 0 0 0 0 0 0 0.8668 0 0 0 0 0 0 0 0 0 0 0 0 0 0 0 0 0 0 0 0.9 0 0 0 0.9 0 0.05 0 0 0 0 0 0 0 1 0 0 0 0 0 0 0 0 0 0 0 0 0 0 0 0 0 0 0 0 0 0 0 0 0 0 0 0 0 0 0 0 0 0 0 0 0 0 0 0 0 0 0 0 0 0 0 0 0 0 0 0 0 0 0 0 0 0
"P67775" 0 0 0 0 0 0 0 0 0 0 0 0 0 0 0 0 0 0 0 0 0 0 0 0.8 0 0 0 0 0 0 0 0 0 0 0.8 0.8 0 0 0 0 0 0 0 0 0 0 0 0 0 0 0.8 0 0 0.8 0 0 0 0 0.8 0 0 0 0 0 0 0 0 0 0 0 0 0 0 0 0 0 0 0 0 0 0 0 0.8 0 0.8608 0 0 0 0 0 0.9 0.9 0 0 0.9 0 0 1 0 0 0 0 0 0 0 0 0 0 0 0 0 0 0 0 0 0 0 0 0 0 0 0 0 0 0 0 0 0 0 0 0 0 0 0 0 0 0 0 0 0 0 0 0 0 0 0 0 0 0 0 0 0 0 0 0
"P13861" 0 0 0 0 0 0 0 0 0 0 0 0 0 0 0 0 0 0 0 0 0 0 0 0 0 0 0 0 0 0 0 0 0 0 0 0 0 0 0 0 0 0 0 0 0 0 0 0 0 0 0 0 0 0 0 0 0 0 0 0 0 0 0 0 0 0 0 0 0 0 0 0 0 0 0 0 0 0 0 0 0 0 0 0 0 0 0 0 0 0 0 0 0 0 0 0 0 0 1 0.8 0.9164 0.899 0.8 0.8 0.9 0.9164 0.8 0.9146 0.9 0 0 0 0 0 0.137 0 0 0 0 0 0.1284 0 0 0 0 0.064 0 0 0 0 0 0 0 0 0 0 0 0 0 0 0 0 0 0 0 0 0 0 0 0 0 0 0 0 0
"Q05469" 0 0 0.05 0 0 0 0 0 0 0 0 0 0 0 0 0 0 0 0 0 0 0 0 0 0 0 0 0 0 0 0 0 0 0 0 0 0 0 0 0 0 0 0 0 0 0 0 0 0 0 0 0 0 0 0 0 0 0 0 0 0 0 0 0 0 0 0 0 0 0 0 0 0 0 0 0 0 0 0 0 0 0.05 0 0 0 0 0 0 0 0 0 0 0 0 0 0 0 0 0.8 1 0.69 0 0 0 0 0.69 0 0.69 0.899 0 0 0 0 0 0 0 0 0 0 0 0 0 0 0 0 0 0 0 0 0 0 0 0 0 0 0 0 0 0 0 0 0 0 0 0 0 0 0 0 0 0 0 0 0 0
"P31323" 0 0 0.05 0 0 0 0 0 0 0 0 0 0 0 0 0 0 0 0 0 0 0 0 0 0 0 0 0 0 0 0 0 0 0 0 0 0 0 0 0 0 0 0 0 0 0 0 0 0 0 0 0 0 0 0 0 0 0 0 0 0 0 0 0 0 0 0 0 0 0 0 0 0 0 0 0 0 0 0 0 0.05 0 0 0 0 0 0 0 0 0 0.899 0 0 0 0 0 0 0 0.9164 0.69 1 0.899 0.8 0.8 0.9 0.8166 0.8 0.832 0.9 0.899 0.9 0.9 0.899 0.899 0.899 0.9 0.9 0.899 0.899 0.899 0.899 0.899 0.899 0.899 0.899 0.899 0.9 0.899 0.9 0.899 0.899 0.899 0.899 0.899 0.9 0.899 0.899 0.899 0.899 0.899 0.899 0.899 0.9 0.899 0.899 0.899 0.899 0.899 0.899 0.899 0.899 0.899 0.899 0.899 0.899
"P46940" 0 0 0 0 0 0 0 0 0 0 0 0 0 0 0 0 0 0 0 0 0 0 0 0 0 0 0 0 0 0 0 0 0 0 0 0 0 0 0 0 0 0 0 0 0 0 0 0 0 0 0 0 0 0 0 0 0 0.065 0 0 0 0 0 0 0 0 0 0 0 0 0 0.8016 0 0 0 0 0 0 0 0 0 0.899 0 0 0 0 0 0 0 0 0 0 0 0 0 0 0 0 0.899 0 0.899 1 0 0 0.9 0.9 0 0.899 0.899 0 0 0 0 0 0 0 0 0 0 0 0 0 0 0 0 0 0 0 0 0 0 0 0 0 0 0 0 0 0 0 0.0912 0 0 0 0 0 0 0 0 0 0.9 0 0 0 0
"Q13370" 0 0 0 0 0 0 0 0 0 0 0 0 0 0 0 0 0 0 0 0 0 0 0 0 0 0 0 0 0 0 0.8 0.8 0 0 0 0 0 0 0 0 0 0 0 0 0 0 0 0 0 0 0 0 0 0 0 0.9 0 0 0 0 0 0 0 0 0 0 0 0 0 0 0 0 0 0 0 0 0 0 0 0 0 0 0 0 0 0 0 0 0 0 0 0 0 0 0 0 0 0 0.8 0 0.8 0 1 0 0 0.8 0.04 0.8 0.8 0 0 0 0 0 0 0 0 0 0 0 0 0 0 0 0 0 0 0 0 0 0 0 0 0 0 0 0 0 0 0 0 0 0 0 0 0 0 0 0 0 0 0 0 0 0
"Q92934" 0 0 0 0 0 0 0 0 0 0 0.9 0 0 0 0 0 0 0 0 0 0 0 0 0 0 0 0 0 0 0 0.8 0.9 0 0 0 0 0 0 0 0 0 0 0 0 0 0 0 0 0 0 0 0 0 0 0 0.9 0 0 0 0 0 0 0 0 0 0 0 0 0 0.9 0 0 0 0 0 0 0 0 0 0 0 0 0 0 0 0 0 0 0 0 0 0 0 0 0 0 0 0 0.8 0 0.8 0 0 1 0 0.8 0 0.8 0.8 0 0 0 0 0.0806 0 0 0 0 0 0.9 0 0 0 0 0 0 0 0 0 0.9 0 0.0856 0 0 0 0 0 0 0 0 0 0 0 0 0 0 0 0 0 0 0 0 0 0 0.0618
"P24588" 0 0 0 0 0 0 0 0 0 0 0 0 0 0 0 0 0 0 0 0 0 0 0 0 0 0 0 0 0 0 0 0 0 0 0 0 0 0 0 0 0 0 0 0 0 0 0 0 0 0 0 0 0 0 0 0 0 0 0 0 0 0 0 0 0 0 0 0 0 0 0 0 0 0 0 0 0 0 0 0 0 0 0 0 0 0 0 0 0 0 0 0 0.0378 0 0 0 0 0 0.9 0 0.9 0.9 0 0 1 0.9 0 0.9 0.899 0 0 0 0 0 0 0 0 0 0 0 0 0 0 0 0 0 0 0 0 0 0 0 0 0 0 0 0 0 0 0 0 0 0 0 0 0 0 0 0 0 0 0 0 0 0
"P10644" 0 0 0.05 0 0 0 0 0 0 0 0 0 0 0 0 0 0 0 0 0 0 0 0 0 0 0 0 0 0 0 0 0 0 0 0 0 0 0 0 0 0 0 0 0 0 0 0 0 0 0 0 0 0 0 0 0 0 0 0 0 0 0 0 0 0 0 0 0 0 0 0 0 0 0 0 0 0 0 0 0 0.05 0 0 0 0 0 0 0 0 0 0 0 0 0 0 0 0 0 0.9164 0.69 0.8166 0.9 0.8 0.8 0.9 1 0.8 0.8252 0.9 0 0 0 0 0 0 0 0 0 0 0 0 0 0 0 0 0 0 0 0 0 0 0 0 0 0 0 0 0 0 0 0 0 0 0 0 0 0 0 0 0 0 0 0 0 0
"Q14432" 0 0 0 0 0 0 0 0 0 0 0 0 0 0 0 0 0 0 0 0 0 0 0 0 0 0 0 0 0 0 0.8 0.8 0 0 0 0 0 0 0 0 0 0 0 0 0 0 0 0 0 0 0 0 0 0 0.0648 0.8 0 0 0 0 0 0 0 0 0 0 0 0 0 0 0 0 0 0 0 0 0 0 0 0 0 0 0 0 0 0 0 0 0 0 0 0 0 0 0 0 0 0 0.8 0 0.8 0 0.04 0 0 0.8 1 0.8 0.8 0 0 0 0 0 0 0 0 0 0 0 0 0 0 0 0 0 0 0 0 0 0 0 0 0 0 0 0 0 0 0 0 0 0 0 0 0 0 0 0 0 0 0 0 0 0
"P31321" 0 0 0.05 0 0 0 0 0 0 0 0 0 0 0 0 0 0 0 0 0 0 0 0 0 0 0 0 0 0 0 0 0 0 0 0 0 0 0 0 0 0 0 0 0 0 0 0 0 0 0 0 0 0 0 0 0 0 0 0 0 0 0 0 0 0 0 0 0 0 0 0 0 0 0 0 0 0 0 0 0 0.05 0 0 0 0 0 0 0 0 0 0 0 0 0 0 0 0 0 0.9146 0.69 0.832 0.899 0.8 0.8 0.9 0.8252 0.8 1 0.9 0 0 0 0 0 0 0 0 0 0 0 0 0 0 0 0 0 0 0 0 0 0 0 0 0 0 0 0 0 0 0 0 0 0 0 0 0 0 0 0 0 0 0 0 0 0
"P22612" 0 0 0 0 0 0 0 0 0 0 0 0 0 0 0 0 0 0 0 0 0 0 0 0.899 0 0 0 0 0 0 0 0 0 0 0.8 0 0 0 0 0 0 0 0 0 0 0 0 0 0 0 0 0 0 0 0.0814 0 0 0 0.899 0 0 0 0 0 0 0 0 0 0 0 0 0.8 0 0 0 0 0 0 0 0 0 0 0 0 0 0 0 0 0 0 0 0 0 0 0 0 0 0 0.9 0.899 0.9 0.899 0.8 0.8 0.899 0.9 0.8 0.9 1 0 0 0 0 0 0 0 0 0 0 0 0 0 0 0 0 0 0 0 0 0 0 0 0 0 0 0 0 0 0 0 0 0 0 0 0 0 0 0 0 0 0 0 0 0 0
"Q9BYV8" 0 0 0 0 0 0 0 0 0 0 0 0 0 0 0 0 0 0 0.07 0 0 0 0 0 0 0 0 0 0 0 0 0 0 0 0 0 0 0 0 0 0 0 0 0 0 0 0 0 0 0 0 0 0 0 0 0 0 0 0 0 0 0 0 0 0 0 0 0 0 0 0 0 0 0 0 0 0 0 0 0 0 0 0 0 0 0 0 0 0 0 0.899 0 0.0746 0 0 0 0 0 0 0 0.899 0 0 0 0 0 0 0 0 1 0.899 0.899 0.899 0.899 0.899 0.899 0.899 0.899 0.899 0.899 0.7928 0.899 0.899 0.899 0.899 0.899 0.899 0.899 0.899 0.899 0.899 0.899 0.899 0.899 0.899 0.899 0.899 0.899 0.899 0.899 0.899 0.899 0.899 0.899 0.899 0.899 0.899 0.899 0.899 0.899 0.899 0.7926 0.899 0.899 0.899
"Q96RT7" 0 0 0 0 0 0 0 0 0 0 0 0 0 0 0 0 0 0 0 0 0 0 0 0 0 0 0 0 0 0 0 0 0 0 0 0 0 0 0 0 0 0 0 0 0 0 0 0 0 0 0 0 0 0 0 0 0 0 0 0 0 0 0 0 0 0 0 0 0 0 0 0 0 0 0 0 0 0 0.096 0 0 0 0 0 0 0 0 0 0 0 0.899 0 0 0 0 0 0 0 0 0 0.9 0 0 0 0 0 0 0 0 0.899 1 0.9 0.9 0.899 0.899 0.9 0.8994 0.899 0.9196 0.899 0.9 0.899 0.899 0.9 0.899 0.899 0.9196 0.8996 0.9 0.899 0.9 0.899 0.899 0.899 0.9 0.899 0.8718 0.9196 0.9 0.899 0.9 0.9 0.899 0.899 0.899 0.899 0.9 0.8876 0.899 0.9126 0.9058 0.899 0.899 0.899 0.9
"Q9BSJ2" 0 0 0 0 0 0 0 0 0 0 0 0 0 0 0 0 0 0 0 0 0 0 0 0 0 0 0 0 0 0 0 0 0 0 0 0 0 0 0 0 0 0 0 0 0 0 0 0 0 0 0 0 0 0 0 0 0 0 0 0 0 0 0 0 0 0 0 0 0 0 0 0 0 0 0 0 0 0 0 0 0 0 0 0 0 0 0 0 0 0 0.899 0 0 0 0 0 0 0 0 0 0.9 0 0 0 0 0 0 0 0 0.899 0.9 1 0.9 0.899 0.899 0.9 0.9 0.899 0.9 0.899 0.9 0.899 0.899 0.9 0.899 0.899 0.9 0.899 0.9 0.899 0.9 0.899 0.899 0.899 0.9 0.899 0.9 0.9 0.9 0.899 0.9 0.9 0.899 0.899 0.899 0.899 0.9 0.9 0.899 0.9 0.9 0.899 0.899 0.899 0.9
"Q66GS9" 0 0 0 0 0 0 0 0 0 0 0 0 0 0 0 0 0 0 0 0 0 0 0 0 0 0 0 0 0 0 0 0 0 0 0 0 0 0 0 0 0 0 0 0 0 0 0 0 0 0 0 0 0 0 0 0 0 0 0 0 0 0 0 0 0 0 0 0 0 0 0 0 0 0 0 0 0 0 0 0 0 0 0 0 0 0 0 0 0 0 0.899 0 0 0 0 0 0 0 0 0 0.899 0 0 0 0 0 0 0 0 0.899 0.9 0.9 1 0.899 0.899 0.9 0.9 0.899 0.899 0.899 0.899 0.899 0.899 0.7912 0.899 0.899 0.9 0.9 0.9 0.899 0.9 0.899 0.9 0.899 0.899 0.899 0.899 0.899 0.899 0.9088 0.899 0.9 0.899 0.899 0.899 0.899 0.9 0.882 0.899 0.9 0.899 0.7908 0.899 0.899 0.9
"O75935" 0 0 0 0 0 0 0 0 0 0 0 0 0 0 0 0 0 0 0 0 0 0 0 0 0 0 0 0 0 0 0 0 0 0 0 0 0 0 0 0 0 0 0 0 0 0 0 0 0 0 0 0 0 0 0 0 0 0 0 0 0 0 0 0 0 0 0 0 0 0 0 0 0 0 0 0 0 0 0 0 0 0 0 0 0 0 0 0 0 0 0.899 0 0 0 0 0 0 0 0 0 0.899 0 0 0.0806 0 0 0 0 0 0.899 0.899 0.899 0.899 1 0.899 0.899 0.899 0.899 0.899 0.899 0.899 0.899 0.899 0.899 0.899 0.899 0.899 0.899 0.899 0.899 0.899 0.9 0.899 0.899 0.9 0.899 0.899 0.899 0.899 0.899 0.9 0.899 0.9 0.899 0.899 0.899 0.899 0.899 0.899 0.899 0.899 0.899 0.899 0.899 0.7844
"Q9NVX0" 0 0 0 0 0 0 0 0 0 0 0 0 0 0 0 0 0 0 0 0 0 0 0 0 0 0 0 0 0 0 0 0 0 0 0 0 0 0 0 0 0 0 0 0 0 0 0 0 0 0 0 0 0 0 0 0 0 0 0 0 0 0 0 0 0 0 0 0 0 0 0 0 0 0 0 0 0 0 0 0 0 0 0 0 0 0 0 0 0 0 0.899 0 0 0 0 0 0 0 0.137 0 0.899 0 0 0 0 0 0 0 0 0.899 0.899 0.899 0.899 0.899 1 0.899 0.899 0.899 0.899 0.899 0.8954 0.899 0.899 0.899 0.899 0.7858 0.7812 0.899 0.899 0.899 0.899 0.899 0.899 0.899 0.899 0.899 0.899 0.899 0.899 0.899 0.899 0.899 0.899 0.899 0.899 0.899 0.899 0.899 0.899 0.899 0.899 0.899 0.899 0.899 0.899
"Q9UGJ1" 0 0 0 0 0 0 0 0 0 0 0 0 0 0 0 0 0 0 0 0 0 0 0 0 0 0 0 0 0 0 0 0 0 0 0 0 0 0 0 0 0 0 0 0 0 0 0 0 0 0 0 0 0 0 0 0 0 0 0 0 0 0 0 0 0 0 0 0 0 0 0 0 0 0 0 0 0 0 0 0 0 0 0 0 0 0 0 0 0 0 0.899 0 0 0 0 0 0 0 0 0 0.9 0 0 0 0 0 0 0 0 0.899 0.9 0.9 0.9 0.899 0.899 1 0.8898 0.899 0.9 0.899 0.9 0.899 0.899 0.9 0.9 0.899 0.7868 0.9 0.9 0.899 0.9 0.899 0.899 0.899 0.9 0.899 0.9 0.9 0.8098 0.899 0.9 0.9 0.899 0.899 0.899 0.899 0.9 0.9 0.899 0.9 0.9 0.899 0.899 0.9 0.9
"Q96CW5" 0 0 0 0 0 0 0 0 0 0 0 0 0 0 0 0 0 0 0 0 0 0 0 0 0 0 0 0 0 0 0 0 0 0 0 0 0 0 0 0 0 0 0 0 0 0 0 0 0 0 0 0 0 0 0 0 0 0 0 0 0 0 0 0 0 0 0 0 0 0 0 0 0 0 0 0 0 0 0 0 0 0 0 0 0 0 0 0 0 0 0.899 0 0 0 0 0 0 0 0 0 0.9 0 0 0 0 0 0 0 0 0.899 0.8994 0.9 0.9 0.899 0.899 0.8898 1 0.899 0.9 0.899 0.9 0.899 0.899 0.9 0.899 0.899 0.8994 0.899 0.9 0.899 0.9 0.899 0.899 0.899 0.9 0.899 0.9 0.9 0.9 0.899 0.9 0.9 0.899 0.899 0.899 0.899 0.9 0.9 0.899 0.9 0.9 0.899 0.899 0.9 0.9
"Q8TAP6" 0 0 0 0 0 0 0 0 0 0 0 0 0 0 0 0 0 0 0 0 0 0 0 0 0 0 0 0 0 0 0 0 0 0 0 0 0 0 0 0 0 0 0 0 0 0 0 0 0 0 0 0 0 0 0 0 0 0 0 0 0 0 0 0 0 0 0 0 0 0 0 0 0 0 0 0 0 0 0 0 0 0 0 0 0 0 0 0 0 0 0.899 0 0 0 0 0 0 0 0 0 0.899 0 0 0 0 0 0 0 0 0.899 0.899 0.899 0.899 0.899 0.899 0.899 0.899 1 0.899 0.899 0.899 0.899 0.899 0.899 0.899 0.899 0.899 0.899 0.899 0.899 0.899 0.899 0.899 0.899 0.899 0.899 0.899 0.899 0.899 0.899 0.899 0.899 0.899 0.899 0.899 0.899 0.899 0.899 0.899 0.899 0.899 0.899 0.899 0.899 0.899
"Q7Z460" 0 0 0 0 0 0 0 0 0 0 0 0 0 0 0 0 0 0 0 0 0 0 0 0 0 0 0 0 0 0 0 0 0 0 0 0 0 0 0 0 0 0 0 0 0 0 0 0 0 0 0 0 0 0 0 0 0 0 0 0 0 0 0 0 0 0 0 0 0 0 0 0 0 0 0 0 0 0 0 0 0 0 0 0 0 0 0 0 0 0 0.899 0 0 0 0 0 0 0 0 0 0.899 0 0 0 0 0 0 0 0 0.899 0.9196 0.9 0.899 0.899 0.899 0.9 0.9 0.899 1 0.899 0.899 0.899 0.899 0.899 0.899 0.899 0.9196 0.899 0.899 0.9 0.899 0.899 0.899 0.899 0.899 0.899 0.8732 0.8894 0.9 0.899 0.899 0.899 0.899 0.899 0.899 0.899 0.899 0.9 0.899 0.899 0.7818 0.899 0.899 0.899 0.899
"P62258" 0 0 0 0 0 0 0 0 0 0 0 0 0 0 0 0 0 0.899 0 0 0 0 0 0.9 0 0 0 0 0 0 0 0.9 0 0 0.899 0 0 0 0 0 0 0 0 0.899 0 0 0 0 0.899 0 0 0 0 0 0 0 0 0 0.0876 0 0 0 0 0 0 0 0 0 0 0 0 0 0 0 0 0 0 0 0.9 0 0 0.9 0 0 0 0 0 0 0 0 0.9 0 0 0 0.899 0 0 0 0 0 0.899 0 0 0.9 0 0 0 0 0 0.899 0.899 0.899 0.899 0.899 0.899 0.899 0.899 0.899 0.899 1 0.899 0.899 0.899 0.899 0.899 0.899 0.899 0.899 0.899 0.9 0.899 0.899 0.899 0.899 0.9 0.899 0.9 0.9 0.899 0.899 0.9 0.899 0.9 0.899 0.899 0.899 0.899 0.9 0.899 0.899 0.8172 0.899 0.899 0.899 0.899
"Q8TCU4" 0 0 0 0 0 0 0 0 0 0 0 0 0 0 0 0 0 0 0 0 0 0 0 0 0 0 0 0 0 0 0.0584 0 0 0 0 0 0 0 0 0 0 0 0 0 0 0 0 0 0 0 0 0 0 0 0 0 0 0 0 0 0 0 0 0 0 0 0 0 0 0 0 0 0 0 0 0 0 0 0 0 0 0 0 0 0 0 0 0 0 0 0.899 0 0 0 0.0794 0 0 0 0.1284 0 0.899 0 0 0 0 0 0 0 0 0.7928 0.9 0.9 0.899 0.899 0.8954 0.9 0.9 0.899 0.899 0.899 1 0.899 0.899 0.899 0.899 0.7848 0.9 0.899 0.899 0.899 0.8062 0.899 0.899 0.899 0.899 0.899 0.9 0.899 0.899 0.9 0.899 0.899 0.899 0.8036 0.899 0.899 0.899 0.899 0.899 0.899 0.899 0.899 0.899 0.899 0.899
"Q9P209" 0 0 0 0 0 0 0 0 0 0 0 0 0 0 0 0 0 0 0 0 0 0 0 0 0 0 0 0 0 0 0 0 0 0 0 0 0 0 0 0 0 0 0 0 0 0 0 0 0 0 0 0 0 0 0 0 0 0 0 0 0 0 0 0 0 0 0 0 0 0 0 0 0 0 0 0 0 0 0 0 0 0 0 0 0 0 0 0 0 0 0.899 0 0 0 0 0 0 0 0 0 0.899 0 0 0 0 0 0 0 0 0.899 0.899 0.899 0.899 0.899 0.899 0.899 0.899 0.899 0.899 0.899 0.899 1 0.899 0.7924 0.899 0.899 0.899 0.899 0.899 0.899 0.899 0.899 0.899 0.899 0.899 0.899 0.899 0.899 0.899 0.899 0.899 0.9 0.899 0.899 0.899 0.899 0.899 0.899 0.899 0.899 0.899 0.899 0.899 0.899 0.899
"Q8NHQ1" 0 0 0 0 0 0 0 0 0 0 0 0 0 0 0 0 0 0 0 0 0 0 0 0 0 0 0 0 0 0 0 0 0 0 0 0 0 0 0 0 0 0 0 0 0 0 0 0 0 0 0 0 0 0 0 0 0 0 0 0 0 0 0 0 0 0 0 0 0 0 0 0 0 0 0 0 0 0 0 0 0 0 0 0 0 0 0 0 0 0 0.899 0 0 0 0 0 0 0 0 0 0.899 0 0 0 0 0 0 0 0 0.899 0.899 0.899 0.899 0.899 0.899 0.899 0.899 0.899 0.899 0.899 0.899 0.899 1 0.899 0.899 0.899 0.899 0.899 0.899 0.899 0.899 0.899 0.899 0.899 0.899 0.899 0.899 0.899 0.899 0.899 0.899 0.899 0.899 0.899 0.899 0.899 0.899 0.899 0.899 0.899 0.899 0.899 0.9 0.899 0.899
"O00444" 0 0 0 0 0 0 0 0 0 0 0 0 0 0 0 0 0 0 0 0 0 0 0 0 0 0 0 0 0 0 0 0 0 0 0 0 0 0 0 0 0 0 0 0 0 0 0 0 0 0 0 0 0 0 0 0 0 0 0 0 0 0 0 0 0 0 0 0 0 0 0 0 0 0 0 0 0 0 0 0 0 0 0 0 0 0 0 0 0 0 0.899 0 0 0 0 0 0 0 0 0 0.899 0 0 0 0 0 0 0 0 0.899 0.9 0.9 0.7912 0.899 0.899 0.9 0.9 0.899 0.899 0.899 0.899 0.7924 0.899 1 0.899 0.899 0.9 0.7068 0.8656 0.899 0.9 0.899 0.9 0.899 0.899 0.899 0.899 0.7874 0.899 0.899 0.899 0.9 0.899 0.899 0.899 0.828 0.9 0.899 0.8178 0.9 0.899 0.826 0.899 0.9 0.899
"Q9Y2I6" 0 0 0 0 0 0 0 0 0 0 0 0 0 0 0 0 0 0 0 0 0 0 0 0 0 0 0 0 0 0 0 0 0 0 0 0 0 0 0 0 0 0 0 0 0 0 0 0 0 0 0 0 0 0 0 0 0 0 0 0 0 0 0 0 0 0 0 0 0 0 0 0 0 0 0 0 0 0 0 0 0 0 0 0 0 0 0 0 0 0 0.899 0 0 0 0 0 0 0 0 0 0.899 0 0 0 0 0 0 0 0 0.899 0.899 0.899 0.899 0.899 0.899 0.9 0.899 0.899 0.899 0.899 0.899 0.899 0.899 0.899 1 0.899 0.899 0.9 0.899 0.899 0.899 0.899 0.899 0.899 0.899 0.899 0.9 0.899 0.899 0.899 0.9 0.899 0.899 0.899 0.899 0.899 0.9176 0.899 0.899 0.899 0.899 0.899 0.899 0.899 0.899
"Q9UPV0" 0 0 0 0 0 0 0 0 0 0 0 0 0 0 0 0 0 0 0 0 0 0 0 0 0 0 0 0 0 0 0 0 0 0 0 0 0 0 0 0 0 0 0 0 0 0 0 0 0 0 0 0 0 0 0 0 0 0 0 0 0 0 0 0 0 0 0 0 0 0 0 0 0 0 0 0 0 0 0 0 0 0 0 0 0 0 0 0 0 0 0.899 0 0 0 0 0 0 0 0.064 0 0.899 0 0 0 0 0 0 0 0 0.899 0.899 0.899 0.899 0.899 0.7858 0.899 0.899 0.899 0.899 0.899 0.7848 0.899 0.899 0.899 0.899 1 0.899 0.899 0.9 0.899 0.899 0.899 0.899 0.899 0.899 0.899 0.899 0.9 0.899 0.899 0.899 0.899 0.899 0.899 0.899 0.899 0.899 0.899 0.899 0.899 0.899 0.899 0.899 0.899 0.899
"Q96RT8" 0 0 0 0 0 0 0 0 0 0 0 0 0 0 0 0 0 0 0 0 0 0 0 0 0 0 0 0 0 0 0 0 0 0 0 0 0 0 0 0 0 0 0 0 0 0 0 0 0 0 0 0 0 0 0 0 0 0 0 0 0 0 0 0 0 0 0 0 0 0 0 0 0 0 0 0 0 0 0 0 0 0 0 0 0 0 0 0 0 0 0.899 0 0 0 0 0 0 0 0 0 0.9 0 0 0 0 0 0 0 0 0.899 0.9196 0.9 0.9 0.899 0.7812 0.7868 0.8994 0.899 0.9196 0.899 0.9 0.899 0.899 0.9 0.899 0.899 1 0.8996 0.9 0.899 0.9 0.899 0.899 0.899 0.9 0.899 0.8718 0.9196 0.7864 0.899 0.9 0.9 0.899 0.899 0.899 0.899 0.9 0.8876 0.899 0.9126 0.7896 0.899 0.899 0.899 0.9
"P53350" 0 0 0 0 0 0 0 0 0 0 0 0 0 0 0 0 0 0 0 0 0 0 0 0 0 0 0 0 0 0 0 0 0 0 0 0 0 0 0 0 0 0 0 0.9 0 0 0 0 0 0 0 0 0 0 0 0 0 0 0 0 0 0 0 0 0 0 0 0 0 0 0 0 0 0 0 0 0 0 0 0 0 0 0 0 0 0 0 0 0 0 0.899 0 0 0 0 0 0 0 0 0 0.899 0 0 0 0 0 0 0 0 0.899 0.8996 0.899 0.9 0.899 0.899 0.9 0.899 0.899 0.899 0.899 0.899 0.899 0.899 0.7068 0.9 0.899 0.8996 1 0.9 0.899 0.899 0.899 0.8636 0.899 0.9 0.899 0.899 0.7542 0.899 0.899 0.9 0.9 0.9 0.899 0.899 0.845 0.899 0.9 0.899 0.8686 0.899 0.8874 0.899 0.9 0.899
"P06493" 0 0 0 0 0 0 0 0 0 0 0 0 0 0 0 0 0 0 0 0 0 0 0 0 0 0 0 0 0.1444 0 0 0 0 0 0 0 0 0 0 0 0 0 0 0 0 0 0.1422 0 0 0 0 0 0 0 0 0 0 0 0 0 0 0 0 0 0 0 0 0 0 0 0 0 0 0 0 0 0 0 0 0 0 0 0.1442 0 0 0 0 0 0 0 0.9 0 0 0 0 0 0 0 0 0 0.9 0 0 0 0 0 0 0 0 0.899 0.9 0.9 0.9 0.899 0.899 0.9 0.9 0.899 0.899 0.899 0.899 0.899 0.899 0.8656 0.899 0.9 0.9 0.9 1 0.9 0.899 0.899 0.899 0.899 0.9 0.899 0.9 0.9 0.9 0.899 0.9 0.9 0.9 0.899 0.899 0.9 0.899 0.899 0.899 0.9 0.9 0.9 0.899 0.9 0.899
"P61981" 0 0 0 0 0 0 0 0 0 0 0 0 0 0 0 0 0 0 0 0 0 0 0 0 0 0 0 0 0 0 0 0.9 0 0 0.9 0 0 0 0 0 0 0 0 0.9 0 0 0 0 0 0 0 0 0 0 0 0 0 0 0 0 0 0 0 0 0.0792 0 0 0 0 0 0 0 0 0 0 0 0 0 0.9 0 0 0.9 0 0 0 0 0 0 0 0 0.899 0 0 0 0.899 0 0 0 0 0 0.899 0 0 0.9 0 0 0 0 0 0.899 0.899 0.899 0.899 0.899 0.899 0.899 0.899 0.899 0.9 0.9 0.899 0.899 0.899 0.899 0.899 0.899 0.899 0.899 0.9 1 0.899 0.899 0.899 0.899 0.899 0.899 0.899 0.9 0.899 0.9 0.9 0.899 0.899 0.899 0.899 0.899 0.899 0.899 0.899 0.9 0.899 0.899 0.899 0.899 0.899
"O15078" 0 0 0 0 0 0 0 0 0 0 0 0 0 0 0 0 0 0 0 0 0 0 0 0 0 0 0 0 0 0 0 0 0 0 0 0 0 0 0 0 0 0 0 0 0 0 0 0 0 0 0 0 0 0 0 0 0 0 0 0 0 0 0 0 0 0 0 0 0 0 0 0 0 0 0 0 0 0 0 0 0 0 0 0 0 0 0 0 0 0 0.899 0 0 0 0 0 0 0 0 0 0.899 0 0 0 0 0 0 0 0 0.899 0.9 0.9 0.9 0.899 0.899 0.9 0.9 0.899 0.899 0.899 0.8062 0.899 0.899 0.9 0.899 0.899 0.9 0.899 0.899 0.899 1 0.899 0.899 0.8032 0.899 0.7858 0.9 0.899 0.899 0.899 0.899 0.899 0.899 0.9 0.899 0.899 0.899 0.899 0.899 0.9 0.899 0.899 0.899 0.899 0.899
"O43805" 0 0 0 0 0 0 0 0 0 0 0 0 0 0 0 0 0 0 0 0 0 0 0 0 0 0.0802 0 0 0 0 0 0 0 0 0 0 0 0 0 0 0 0 0 0 0 0 0 0 0 0 0 0 0 0 0 0 0 0 0 0 0 0 0 0 0 0 0 0 0 0 0 0 0 0 0 0 0 0 0 0 0 0 0 0 0 0 0 0 0 0 0.899 0 0 0 0 0 0 0 0 0 0.899 0 0 0.0856 0 0 0 0 0 0.899 0.899 0.899 0.899 0.9 0.899 0.899 0.899 0.899 0.899 0.899 0.899 0.899 0.899 0.899 0.899 0.899 0.899 0.899 0.899 0.899 0.899 1 0.899 0.899 0.899 0.899 0.899 0.899 0.899 0.899 0.899 0.899 0.899 0.899 0.899 0.899 0.899 0.899 0.899 0.899 0.899 0.899 0.899 0.899 0.7768
"Q8TEP8" 0 0 0 0 0 0 0 0 0 0 0 0 0 0 0 0 0 0 0 0 0 0 0 0 0 0 0 0 0 0 0 0 0 0 0 0 0 0 0 0 0 0 0 0 0 0 0 0 0 0 0 0 0 0 0 0 0 0 0 0 0 0 0 0 0 0 0 0 0 0 0 0 0 0 0 0 0 0 0 0 0 0 0 0 0 0 0 0 0 0 0.899 0 0 0 0 0 0 0 0 0 0.899 0 0 0 0 0 0 0 0 0.899 0.899 0.899 0.9 0.899 0.899 0.899 0.899 0.899 0.899 0.899 0.899 0.899 0.899 0.9 0.899 0.899 0.899 0.8636 0.899 0.899 0.899 0.899 1 0.899 0.899 0.899 0.899 0.899 0.899 0.899 0.899 0.9 0.899 0.899 0.899 0.8992 0.899 0.899 0.899 0.9 0.899 0.899 0.899 0.9 0.899
"Q86XR8" 0 0 0 0 0 0 0 0 0 0 0 0 0 0 0 0 0 0 0 0 0 0 0 0 0 0 0 0 0 0 0 0 0 0 0 0 0 0 0 0 0 0 0 0 0 0 0 0 0 0 0 0 0 0 0 0 0 0 0 0 0 0.0678 0 0 0 0.0738 0 0 0 0 0 0 0 0 0 0 0 0 0 0 0 0 0 0 0 0 0 0 0 0 0.899 0 0 0 0 0 0 0 0 0 0.899 0 0 0 0 0 0 0 0 0.899 0.899 0.899 0.899 0.899 0.899 0.899 0.899 0.899 0.899 0.899 0.899 0.899 0.899 0.899 0.899 0.899 0.899 0.899 0.899 0.899 0.8032 0.899 0.899 1 0.899 0.899 0.899 0.899 0.899 0.899 0.899 0.899 0.899 0.899 0.899 0.899 0.899 0.899 0.899 0.899 0.899 0.899 0.899 0.899 0.899
"P48730" 0 0 0 0 0 0 0 0 0 0 0 0 0 0 0 0 0 0 0 0 0 0 0 0 0 0 0 0 0 0 0.1562 0 0 0 0 0 0 0 0 0 0 0 0 0 0 0 0 0 0 0 0 0 0 0 0 0 0 0 0 0 0 0 0 0 0 0 0 0 0 0 0 0 0 0 0 0 0 0 0 0 0 0 0 0 0 0 0 0 0 0 0.899 0 0 0 0 0 0 0 0 0 0.9 0 0 0 0 0 0 0 0 0.899 0.9 0.9 0.899 0.9 0.899 0.9 0.9 0.899 0.899 0.9 0.899 0.899 0.899 0.899 0.899 0.899 0.9 0.9 0.9 0.899 0.899 0.899 0.899 0.899 1 0.899 0.9 0.899 0.899 0.899 0.899 0.899 0.9 0.899 0.899 0.899 0.899 0.899 0.899 0.899 0.899 0.899 0.899 0.899 0.899
"Q96MT8" 0 0 0 0 0 0 0 0 0 0 0 0 0 0 0 0 0 0 0 0 0 0 0 0 0 0 0 0 0 0 0 0 0 0 0 0 0 0 0 0 0 0 0 0 0 0 0 0 0 0 0 0 0 0 0 0 0 0 0 0 0 0 0 0 0 0 0 0 0 0 0 0 0 0 0 0 0 0 0 0 0 0 0 0 0 0 0 0 0 0 0.899 0 0 0 0 0 0 0 0 0 0.899 0 0 0 0 0 0 0 0 0.899 0.899 0.899 0.899 0.899 0.899 0.899 0.899 0.899 0.899 0.899 0.899 0.899 0.899 0.899 0.899 0.899 0.899 0.899 0.899 0.899 0.7858 0.899 0.899 0.899 0.899 1 0.899 0.899 0.899 0.899 0.899 0.899 0.899 0.899 0.899 0.899 0.899 0.899 0.899 0.899 0.899 0.899 0.899 0.899 0.899
"O75665" 0 0 0 0 0 0 0 0 0 0 0 0 0 0 0 0 0 0 0 0 0 0 0 0 0 0 0 0 0 0 0 0 0 0 0 0 0 0 0 0 0 0 0 0 0 0 0 0 0 0 0 0 0 0 0 0 0 0 0 0 0 0 0 0 0 0 0 0 0 0 0 0 0 0 0 0 0 0 0 0 0 0 0 0 0 0 0 0 0 0 0.899 0 0 0 0 0 0 0 0 0 0.899 0 0 0 0 0 0 0 0 0.899 0.8718 0.9 0.899 0.899 0.899 0.9 0.9 0.899 0.8732 0.9 0.9 0.899 0.899 0.899 0.9 0.899 0.8718 0.899 0.9 0.899 0.9 0.899 0.899 0.899 0.9 0.899 1 0.8602 0.899 0.899 0.9 0.899 0.9 0.9 0.899 0.899 0.899 0.899 0.899 0.899 0.8696 0.899 0.899 0.899 0.899
"Q9NXR1" 0 0 0 0 0 0 0 0 0 0 0 0.0674 0 0 0 0 0 0 0 0 0 0 0 0 0 0 0 0 0 0 0 0 0 0 0 0 0 0 0 0 0 0 0 0 0 0 0 0 0 0 0 0 0 0 0 0 0 0 0.0662 0 0 0 0 0 0 0 0 0 0 0 0 0 0 0 0 0 0 0 0 0 0 0 0 0 0 0 0 0 0 0 0.899 0 0 0 0 0 0 0 0 0 0.899 0 0 0 0 0 0 0 0 0.899 0.9196 0.9 0.899 0.899 0.899 0.9 0.9 0.899 0.8894 0.9 0.899 0.899 0.899 0.7874 0.899 0.9 0.9196 0.7542 0.9 0.9 0.899 0.899 0.899 0.899 0.899 0.899 0.8602 1 0.899 0.899 0.9 0.9 0.899 0.899 0.899 0.7972 0.899 0.8738 0.899 0.8754 0.9114 0.899 0.899 0.899 0.899
"Q14008" 0 0 0 0 0 0 0 0 0 0 0 0 0 0 0 0 0 0 0 0 0 0 0 0 0 0 0 0 0 0 0 0 0 0 0 0 0 0 0 0 0 0 0 0 0 0 0 0.0918 0 0 0 0 0 0 0 0 0 0 0 0 0 0 0 0 0 0 0 0 0 0 0 0 0 0 0 0 0 0 0 0 0 0 0 0 0 0 0 0 0 0 0.899 0 0 0 0 0 0 0 0 0 0.899 0 0 0 0 0 0 0 0 0.899 0.9 0.9 0.899 0.899 0.899 0.8098 0.9 0.899 0.9 0.899 0.899 0.899 0.899 0.899 0.899 0.899 0.7864 0.899 0.9 0.899 0.899 0.899 0.899 0.899 0.899 0.899 0.899 0.899 1 0.899 0.9 0.899 0.899 0.899 0.899 0.8146 0.899 0.9 0.899 0.899 0.899 0.7974 0.899 0.899 0.899
"Q9BV73" 0 0 0 0 0 0 0 0 0 0 0 0 0 0 0 0 0 0 0 0.0756 0 0 0 0 0 0 0 0 0 0 0 0 0 0 0 0 0 0 0 0 0 0 0 0 0 0 0 0 0 0 0 0 0 0 0 0 0 0 0 0 0 0 0 0 0 0 0 0 0 0 0 0 0 0 0 0 0 0 0 0 0 0 0 0 0 0 0 0 0 0 0.899 0 0 0 0 0 0 0 0 0 0.899 0 0 0 0 0 0 0 0 0.899 0.899 0.899 0.9088 0.899 0.899 0.899 0.899 0.899 0.899 0.899 0.9 0.899 0.899 0.899 0.899 0.899 0.899 0.899 0.899 0.9 0.899 0.899 0.899 0.899 0.899 0.899 0.899 0.899 0.899 1 0.899 0.9 0.899 0.899 0.899 0.9 0.899 0.899 0.899 0.899 0.899 0.8712 0.899 0.899 0.899
"Q14204" 0 0 0 0 0 0 0 0 0 0 0 0 0 0 0 0 0 0 0 0 0 0 0 0 0 0 0 0 0 0 0 0 0 0 0 0.0698 0 0 0 0 0 0 0 0 0 0 0 0 0 0 0 0 0 0 0 0 0 0 0 0 0 0 0 0 0 0 0 0 0 0 0 0 0 0 0 0 0 0 0 0 0 0 0 0 0 0 0 0 0 0 0.899 0 0 0 0 0 0 0 0 0 0.899 0.0912 0 0 0 0 0 0 0 0.899 0.9 0.9 0.899 0.9 0.899 0.9 0.9 0.899 0.899 0.9 0.899 0.899 0.899 0.899 0.9 0.899 0.9 0.9 0.9 0.9 0.899 0.899 0.899 0.899 0.899 0.899 0.9 0.9 0.9 0.899 1 0.9 0.899 0.899 0.899 0.899 0.899 0.9 0.899 0.899 0.9 0.899 0.899 0.899 0.8694
"O95613" 0 0 0 0 0 0 0 0 0 0 0 0 0 0 0 0 0 0 0 0 0 0 0 0 0 0 0 0 0 0 0 0 0 0 0 0 0 0 0 0 0 0 0 0 0 0 0 0 0 0 0 0 0 0 0 0 0 0 0 0 0 0 0 0 0 0 0 0 0 0 0 0 0 0 0 0 0 0 0 0 0 0 0 0 0 0 0 0 0 0 0.899 0 0 0 0 0 0 0 0 0 0.899 0 0 0 0 0 0 0 0 0.899 0.9 0.9 0.9 0.899 0.899 0.9 0.9 0.899 0.899 0.899 0.899 0.9 0.899 0.9 0.899 0.899 0.9 0.9 0.9 0.899 0.899 0.899 0.9 0.899 0.899 0.899 0.899 0.9 0.899 0.9 0.9 1 0.899 0.899 0.899 0.9 0.9 0.899 0.899 0.9 0.9 0.899 0.899 0.9 0.9
"P49674" 0 0 0 0 0 0 0 0 0 0 0 0 0 0 0 0 0 0 0 0 0 0 0 0 0 0 0 0 0 0 0 0 0 0 0 0 0 0 0 0 0 0 0 0 0 0 0 0 0 0 0 0 0 0 0 0 0 0 0 0 0 0 0 0 0 0 0 0 0 0 0 0.0558 0 0 0 0 0 0 0 0 0 0 0 0 0 0 0 0 0 0 0.899 0 0 0 0 0 0 0 0 0 0.9 0 0 0 0 0 0 0 0 0.899 0.899 0.899 0.899 0.9 0.899 0.899 0.899 0.899 0.899 0.9 0.899 0.899 0.899 0.899 0.899 0.899 0.899 0.9 0.9 0.899 0.899 0.899 0.899 0.899 0.9 0.899 0.9 0.899 0.899 0.899 0.899 0.899 1 0.899 0.899 0.899 0.899 0.899 0.899 0.899 0.899 0.899 0.899 0.899 0.899
"Q86SQ7" 0 0 0 0 0 0 0 0 0 0 0 0 0 0 0 0 0 0 0 0 0 0 0 0 0 0 0 0 0 0 0.0676 0 0 0 0 0 0 0 0 0 0 0 0 0 0 0 0 0 0 0 0 0 0 0 0 0 0 0 0 0 0 0 0 0 0 0 0 0 0 0 0 0 0 0 0 0 0 0 0 0 0 0 0 0 0 0.0744 0 0 0 0 0.899 0 0 0 0 0 0 0 0 0 0.899 0 0 0 0 0 0 0 0 0.899 0.899 0.899 0.899 0.899 0.899 0.899 0.899 0.899 0.899 0.899 0.8036 0.899 0.899 0.899 0.899 0.899 0.899 0.899 0.899 0.899 0.9 0.899 0.899 0.899 0.899 0.899 0.9 0.899 0.899 0.899 0.899 0.899 0.899 1 0.899 0.899 0.899 0.899 0.899 0.899 0.899 0.899 0.899 0.899 0.899
"O95684" 0 0 0 0 0 0 0 0 0 0 0 0 0 0 0 0 0 0 0 0 0 0 0 0 0 0 0 0 0 0 0 0 0 0 0 0 0 0 0 0 0 0 0 0 0 0 0 0 0 0 0 0 0 0 0 0 0 0 0 0 0 0 0 0 0 0 0 0 0 0 0 0 0 0 0 0 0 0 0 0 0 0 0 0 0 0 0 0 0 0 0.899 0 0 0 0 0 0 0 0 0 0.899 0 0 0 0 0 0 0 0 0.899 0.899 0.899 0.899 0.899 0.899 0.899 0.899 0.899 0.899 0.899 0.899 0.899 0.899 0.899 0.899 0.899 0.899 0.899 0.899 0.899 0.899 0.899 0.899 0.899 0.899 0.899 0.899 0.899 0.899 0.899 0.899 0.899 0.899 0.899 1 0.899 0.899 0.899 0.899 0.899 0.899 0.8698 0.899 0.899 0.899
"P51955" 0 0 0 0 0 0 0 0 0 0 0 0 0 0 0 0 0 0 0 0 0 0 0 0 0 0 0 0 0 0 0 0 0 0 0 0 0 0 0 0 0 0 0 0 0 0 0 0 0 0 0 0 0 0 0 0 0 0 0 0 0 0 0 0 0 0 0 0 0 0 0 0 0 0 0 0 0 0 0 0 0 0 0 0 0 0 0 0 0 0 0.899 0 0 0 0 0 0 0 0 0 0.899 0 0 0 0 0 0 0 0 0.899 0.899 0.899 0.899 0.899 0.899 0.899 0.899 0.899 0.899 0.899 0.899 0.899 0.899 0.828 0.899 0.899 0.899 0.845 0.9 0.899 0.899 0.899 0.8992 0.899 0.899 0.899 0.899 0.7972 0.8146 0.9 0.899 0.9 0.899 0.899 0.899 1 0.899 0.899 0.899 0.899 0.899 0.8 0.899 0.899 0.899
"P41208" 0 0 0 0 0 0 0 0 0 0 0 0 0 0 0 0 0 0 0 0 0 0 0 0 0 0 0 0 0 0 0 0 0 0 0 0 0 0 0 0 0 0 0 0 0 0 0 0 0 0 0 0 0 0 0 0 0 0 0 0 0 0 0 0 0 0 0 0 0 0 0 0 0 0 0 0 0 0 0 0 0 0 0 0 0 0 0 0 0 0 0.899 0 0 0 0 0 0 0 0 0 0.899 0 0 0 0 0 0 0 0 0.899 0.9 0.9 0.9 0.899 0.899 0.9 0.9 0.899 0.899 0.899 0.899 0.899 0.899 0.9 0.9176 0.899 0.9 0.899 0.899 0.899 0.899 0.899 0.899 0.899 0.899 0.899 0.899 0.899 0.899 0.899 0.899 0.9 0.899 0.899 0.899 0.899 1 0.899 0.899 0.9 0.899 0.899 0.899 0.899 0.899
"Q15691" 0 0 0 0 0 0 0 0 0 0 0 0 0 0 0 0 0 0 0 0 0 0 0 0 0 0 0 0.0658 0 0 0 0 0 0 0 0 0 0 0 0 0 0 0 0 0 0 0 0 0 0 0 0 0 0 0 0 0 0 0 0 0 0 0 0 0 0 0 0 0 0 0 0 0 0 0 0 0 0 0 0 0 0 0 0 0 0 0 0 0 0 0.899 0 0 0 0 0 0 0 0 0 0.899 0 0 0 0 0 0 0 0 0.899 0.8876 0.9 0.882 0.899 0.899 0.9 0.9 0.899 0.9 0.9 0.899 0.899 0.899 0.899 0.899 0.899 0.8876 0.9 0.899 0.899 0.899 0.899 0.899 0.899 0.899 0.899 0.899 0.8738 0.9 0.899 0.9 0.899 0.899 0.899 0.899 0.899 0.899 1 0.899 0.899 0.9 0.899 0.899 0.899 0.9
"Q5JTW2" 0 0 0 0 0 0 0 0 0 0 0 0 0 0 0 0 0 0 0 0 0 0 0 0 0 0 0 0 0 0 0 0 0 0 0 0 0 0 0 0 0 0 0 0 0 0 0 0 0 0 0 0 0 0 0 0 0 0 0 0 0 0 0 0 0 0 0 0 0 0 0 0 0 0 0 0 0 0 0 0 0 0 0 0 0 0 0 0 0 0 0.899 0 0 0 0 0 0 0 0 0 0.899 0 0 0 0 0 0 0 0 0.899 0.899 0.899 0.899 0.899 0.899 0.899 0.899 0.899 0.899 0.899 0.899 0.899 0.899 0.8178 0.899 0.899 0.899 0.899 0.899 0.899 0.899 0.899 0.899 0.899 0.899 0.899 0.899 0.899 0.899 0.899 0.899 0.899 0.899 0.899 0.899 0.899 0.899 0.899 1 0.899 0.899 0.7986 0.899 0.899 0.899
"Q9HC77" 0 0 0 0 0 0 0 0 0 0 0 0 0 0 0 0 0 0 0 0 0 0 0 0 0 0 0 0 0 0 0 0 0 0 0 0 0 0 0 0 0 0 0 0 0 0 0 0 0 0 0 0 0 0 0 0 0 0 0 0 0 0 0 0 0 0 0 0 0 0 0 0 0 0 0 0 0 0 0 0 0 0 0 0 0 0 0 0 0 0 0.899 0 0 0 0 0 0 0 0 0 0.899 0 0 0 0 0 0 0 0 0.899 0.9126 0.9 0.9 0.899 0.899 0.9 0.9 0.899 0.899 0.899 0.899 0.899 0.899 0.9 0.899 0.899 0.9126 0.8686 0.9 0.9 0.9 0.899 0.9 0.899 0.899 0.899 0.899 0.8754 0.899 0.899 0.899 0.9 0.899 0.899 0.899 0.899 0.9 0.899 0.899 1 0.9 0.878 0.899 0.899 0.899
"P43034" 0 0 0 0 0 0 0 0 0 0 0 0 0 0 0 0 0 0 0 0 0 0 0 0 0 0 0 0.0702 0 0 0 0 0 0 0 0 0 0 0 0 0 0 0 0 0 0 0 0.0956 0 0 0 0 0 0 0 0 0 0 0 0 0 0 0 0 0 0 0 0 0 0 0 0 0 0 0 0 0 0 0 0 0 0 0 0 0 0 0 0 0 0 0.899 0 0 0 0 0 0 0 0 0 0.899 0.9 0 0 0 0 0 0 0 0.899 0.9058 0.9 0.899 0.899 0.899 0.9 0.9 0.899 0.7818 0.8172 0.899 0.899 0.899 0.899 0.899 0.899 0.7896 0.899 0.9 0.899 0.899 0.899 0.899 0.899 0.899 0.899 0.8696 0.9114 0.899 0.899 0.9 0.9 0.899 0.899 0.899 0.899 0.899 0.9 0.899 0.9 1 0.899 0.899 0.899 0.9
"O94986" 0 0.1418 0 0 0 0 0 0 0 0 0 0 0 0 0 0 0 0 0 0 0 0 0 0 0 0 0 0 0 0 0 0 0 0 0 0 0 0 0 0 0 0 0 0 0 0 0 0 0 0 0 0 0 0 0 0 0 0 0 0 0 0 0 0 0 0 0 0 0 0 0 0 0 0 0 0 0 0 0 0 0 0 0 0 0 0 0 0 0 0 0.899 0 0 0 0 0 0 0 0 0 0.899 0 0 0 0 0 0 0 0 0.7926 0.899 0.899 0.7908 0.899 0.899 0.899 0.899 0.899 0.899 0.899 0.899 0.899 0.899 0.826 0.899 0.899 0.899 0.8874 0.9 0.899 0.899 0.899 0.899 0.899 0.899 0.899 0.899 0.899 0.7974 0.8712 0.899 0.899 0.899 0.899 0.8698 0.8 0.899 0.899 0.7986 0.878 0.899 1 0.899 0.899 0.899
"Q9UPN4" 0 0 0 0 0 0 0 0 0 0 0 0 0 0 0 0 0 0 0 0 0 0 0 0 0 0 0 0 0 0 0 0 0 0 0 0 0 0 0 0 0 0 0 0 0 0 0 0 0 0 0 0 0 0 0 0 0 0 0 0 0 0 0 0 0 0 0 0 0 0 0 0 0 0 0 0 0 0 0 0 0 0 0 0 0 0 0 0 0 0 0.899 0 0 0 0 0 0 0 0 0 0.899 0 0 0 0 0 0 0 0 0.899 0.899 0.899 0.899 0.899 0.899 0.899 0.899 0.899 0.899 0.899 0.899 0.899 0.9 0.899 0.899 0.899 0.899 0.899 0.899 0.899 0.899 0.899 0.899 0.899 0.899 0.899 0.899 0.899 0.899 0.899 0.899 0.899 0.899 0.899 0.899 0.899 0.899 0.899 0.899 0.899 0.899 0.899 1 0.899 0.899
"Q8NHV4" 0 0 0 0 0 0 0 0 0 0 0 0 0 0 0 0 0 0 0 0 0 0 0 0 0 0 0 0 0 0 0 0 0 0 0 0 0 0 0 0 0 0 0 0 0 0 0 0 0 0 0 0 0 0 0 0 0 0 0 0 0 0 0 0 0 0 0 0 0 0 0 0 0 0 0 0 0 0 0 0 0 0 0 0 0 0 0 0 0 0 0.899 0 0 0 0 0 0 0 0 0 0.899 0 0 0 0 0 0 0 0 0.899 0.899 0.899 0.899 0.899 0.899 0.9 0.9 0.899 0.899 0.899 0.899 0.899 0.899 0.9 0.899 0.899 0.899 0.9 0.9 0.899 0.899 0.899 0.9 0.899 0.899 0.899 0.899 0.899 0.899 0.899 0.899 0.9 0.899 0.899 0.899 0.899 0.899 0.899 0.899 0.899 0.899 0.899 0.899 1 0.899
"Q13561" 0 0 0 0 0 0 0 0 0 0 0 0 0 0 0 0 0 0 0 0 0 0 0 0 0 0 0 0 0 0 0 0 0 0 0 0 0 0 0 0 0 0 0 0 0 0 0 0 0 0 0 0 0 0 0 0 0 0 0 0 0 0 0 0 0 0 0 0 0 0 0 0 0 0 0 0 0 0 0 0 0 0 0 0 0 0 0 0 0 0 0.899 0 0 0 0 0 0 0 0 0 0.899 0 0 0.0618 0 0 0 0 0 0.899 0.9 0.9 0.9 0.7844 0.899 0.9 0.9 0.899 0.899 0.899 0.899 0.899 0.899 0.899 0.899 0.899 0.9 0.899 0.899 0.899 0.899 0.7768 0.899 0.899 0.899 0.899 0.899 0.899 0.899 0.899 0.8694 0.9 0.899 0.899 0.899 0.899 0.899 0.9 0.899 0.899 0.9 0.899 0.899 0.899 1
